-2.24400E+01	-7.84370E-04	-3.43820E-05	-7.40130E-03	-8.22150E-04	-1.13490E-02
-2.22900E+01	1.12630E-04	3.52500E-05	-7.37880E-03	-3.36200E-05	-1.17860E-02
-2.21400E+01	-2.56210E-04	-5.65580E-04	-7.01520E-03	-6.22890E-04	-1.08500E-02
-2.19900E+01	-1.47210E-04	-8.73070E-04	-7.27370E-03	-1.68820E-03	-1.06250E-02
-2.18390E+01	-3.63070E-04	-1.10770E-03	-7.68810E-03	-2.69400E-03	-1.06850E-02
-2.16890E+01	-1.01680E-04	-2.80810E-04	-6.89940E-03	-1.19610E-03	-1.03210E-02
-2.15390E+01	-2.26810E-04	-8.12270E-04	-7.25430E-03	-2.17220E-03	-1.03030E-02
-2.13890E+01	-2.87340E-04	-6.86480E-04	-7.80410E-03	-2.41370E-03	-1.10390E-02
-2.12390E+01	-3.26130E-04	-8.82870E-04	-7.80250E-03	-2.70130E-03	-1.08630E-02
-2.10890E+01	-5.35190E-04	-1.23930E-03	-8.22190E-03	-4.57860E-03	-1.04080E-02
-2.09390E+01	-3.60650E-04	-1.14160E-03	-8.26990E-03	-4.28830E-03	-1.06590E-02
-2.07890E+01	-4.72530E-04	-1.26380E-03	-8.04860E-03	-4.80050E-03	-9.99730E-03
-2.06390E+01	-2.74940E-04	-9.11870E-04	-7.42140E-03	-3.65590E-03	-9.68060E-03
-2.04890E+01	-5.76980E-05	-2.73040E-04	-7.43440E-03	-2.86030E-03	-1.01790E-02
-2.03380E+01	-1.96440E-04	-6.64710E-04	-7.89330E-03	-5.37390E-03	-9.40520E-03
-2.01880E+01	-2.09870E-04	-7.76770E-04	-8.04970E-03	-4.78180E-03	-1.00110E-02
-2.00380E+01	-3.11490E-04	-9.65480E-04	-8.39470E-03	-5.42680E-03	-1.01750E-02
-1.98880E+01	-2.54770E-04	-3.86920E-04	-8.19650E-03	-4.96380E-03	-1.01360E-02
-1.97380E+01	-2.30330E-04	-8.50030E-04	-7.59550E-03	-4.26140E-03	-9.59590E-03
-1.95880E+01	-2.38570E-04	-5.09530E-04	-7.06820E-03	-3.11510E-03	-9.44030E-03
-1.94380E+01	-7.42400E-05	-2.60620E-04	-7.56050E-03	-3.05430E-03	-1.02650E-02
-1.92880E+01	-1.75800E-04	-5.70710E-04	-7.54780E-03	-3.34580E-03	-1.00690E-02
-1.91380E+01	-7.35260E-04	-1.73930E-03	-8.03980E-03	-5.93650E-03	-9.30170E-03
-1.89880E+01	-5.34440E-04	-1.43660E-03	-8.03170E-03	-5.71190E-03	-9.42360E-03
-1.88370E+01	-3.36560E-04	-1.40780E-03	-8.35400E-03	-5.76930E-03	-9.90500E-03
-1.86870E+01	-4.94030E-04	-1.16270E-03	-7.97890E-03	-5.71180E-03	-9.33930E-03
-1.85370E+01	-5.21300E-04	-1.35460E-03	-7.71100E-03	-5.36830E-03	-9.11670E-03
-1.83870E+01	-4.57490E-04	-1.42270E-03	-8.58410E-03	-6.51410E-03	-9.82620E-03
-1.82370E+01	-4.97610E-04	-1.13310E-03	-8.03080E-03	-6.66850E-03	-8.84810E-03
-1.80870E+01	-4.80550E-04	-1.70110E-03	-8.87060E-03	-7.79530E-03	-9.51590E-03
-1.79370E+01	-3.56960E-04	-1.05890E-03	-7.88040E-03	-5.45770E-03	-9.33390E-03
-1.77870E+01	-5.15590E-04	-1.19710E-03	-7.86540E-03	-6.46410E-03	-8.70610E-03
-1.76370E+01	-4.96450E-04	-1.52850E-03	-7.71210E-03	-5.67310E-03	-8.93560E-03
-1.74870E+01	-2.14130E-04	-7.77970E-04	-7.29860E-03	-5.32130E-03	-8.48480E-03
-1.73360E+01	-3.34720E-04	-4.30010E-04	-7.38980E-03	-5.60040E-03	-8.46330E-03
-1.71860E+01	-2.09690E-04	-1.00380E-03	-6.92340E-03	-5.75840E-03	-7.62220E-03
-1.70360E+01	-4.71030E-04	-1.21460E-03	-8.25750E-03	-6.34810E-03	-9.40320E-03
-1.68860E+01	-4.28380E-04	-1.01970E-03	-8.14850E-03	-6.37860E-03	-9.21040E-03
-1.67360E+01	-3.07970E-04	-1.12710E-03	-7.83320E-03	-5.06900E-03	-9.49190E-03
-1.65860E+01	-4.38870E-04	-8.23630E-04	-7.85750E-03	-5.22310E-03	-9.43830E-03
-1.64360E+01	-2.49240E-04	-1.00710E-03	-7.62010E-03	-4.61130E-03	-9.42520E-03
-1.62860E+01	-1.47210E-04	-3.09530E-04	-8.08700E-03	-5.53810E-03	-9.61630E-03
-1.61360E+01	-2.69870E-04	-8.22680E-04	-7.90100E-03	-4.59380E-03	-9.88530E-03
-1.59860E+01	-1.94360E-04	-6.32660E-04	-8.05370E-03	-4.95970E-03	-9.90990E-03
-1.58350E+01	-2.74310E-04	-1.06080E-03	-8.12760E-03	-5.99820E-03	-9.40550E-03
-1.56850E+01	-5.30000E-04	-1.46610E-03	-8.00480E-03	-7.16330E-03	-8.50970E-03
-1.55350E+01	-4.21690E-04	-1.16210E-03	-7.57320E-03	-5.82830E-03	-8.62020E-03
-1.53850E+01	-4.92820E-04	-9.03080E-04	-8.07770E-03	-6.76120E-03	-8.86760E-03
-1.52350E+01	-3.89650E-04	-1.29490E-03	-7.68140E-03	-6.73370E-03	-8.24990E-03
-1.50850E+01	-5.19510E-04	-1.42780E-03	-8.59480E-03	-7.90680E-03	-9.00750E-03
-1.49350E+01	-4.15700E-04	-9.59340E-04	-8.18040E-03	-7.90740E-03	-8.34420E-03
-1.47850E+01	-6.59400E-05	-2.72150E-04	-7.53150E-03	-6.26330E-03	-8.29220E-03
-1.46350E+01	-2.88780E-04	-9.62020E-04	-8.18830E-03	-7.15720E-03	-8.80710E-03
-1.44850E+01	-1.88770E-04	-3.47040E-04	-7.88740E-03	-6.78930E-03	-8.54620E-03
-1.43340E+01	-2.46180E-04	-9.91020E-04	-7.76290E-03	-6.83650E-03	-8.31890E-03
-1.41840E+01	-1.43410E-04	-4.30470E-04	-7.16280E-03	-6.38760E-03	-7.62770E-03
-1.40340E+01	-2.80480E-04	-7.96480E-04	-7.66390E-03	-6.48620E-03	-8.37030E-03
-1.38840E+01	-5.31730E-04	-1.16510E-03	-7.74600E-03	-7.42220E-03	-7.94020E-03
-1.37340E+01	1.27960E-05	-4.98910E-04	-6.75630E-03	-5.31010E-03	-7.62400E-03
-1.35840E+01	-2.36610E-04	-6.13060E-04	-7.10580E-03	-6.09680E-03	-7.71130E-03
-1.34340E+01	-3.33040E-04	-7.15090E-04	-7.04620E-03	-6.33540E-03	-7.47250E-03
-1.32840E+01	1.27380E-05	-4.23320E-04	-6.61180E-03	-4.83010E-03	-7.68080E-03
-1.31340E+01	-4.41000E-04	-7.65540E-04	-7.30760E-03	-6.64650E-03	-7.70440E-03
-1.29840E+01	-2.40240E-04	-1.08470E-03	-7.35250E-03	-6.96230E-03	-7.58650E-03
-1.28330E+01	-2.81570E-04	-8.42130E-04	-7.65570E-03	-6.88540E-03	-8.11790E-03
-1.26830E+01	-2.21680E-04	-5.93900E-04	-6.64340E-03	-6.14720E-03	-6.94110E-03
-1.25330E+01	-1.61160E-04	-1.43150E-04	-6.62370E-03	-5.51290E-03	-7.29020E-03
-1.23830E+01	1.08650E-04	7.29980E-05	-7.48230E-03	-6.81200E-03	-7.88460E-03
-1.22330E+01	1.65480E-04	2.35940E-04	-6.15390E-03	-4.30950E-03	-7.26070E-03
-1.20830E+01	-6.46720E-05	1.22170E-04	-6.83710E-03	-4.99280E-03	-7.94340E-03
-1.19330E+01	1.18390E-04	-1.73550E-05	-6.78740E-03	-4.81540E-03	-7.97040E-03
-1.17830E+01	2.05780E-05	3.49120E-04	-6.30550E-03	-4.67460E-03	-7.28390E-03
-1.16330E+01	1.02020E-04	-1.34550E-04	-6.87520E-03	-5.22440E-03	-7.86570E-03
-1.14830E+01	-6.05220E-06	2.11220E-05	-6.20730E-03	-4.46440E-03	-7.25300E-03
-1.13320E+01	5.35480E-05	9.54470E-05	-5.80080E-03	-3.61230E-03	-7.11410E-03
-1.11820E+01	8.88230E-05	1.85030E-04	-6.58100E-03	-4.87020E-03	-7.60750E-03
-1.10320E+01	5.13000E-06	-1.23780E-04	-5.87250E-03	-4.10400E-03	-6.93380E-03
-1.08820E+01	8.08690E-05	2.90610E-04	-6.01250E-03	-4.00850E-03	-7.21500E-03
-1.07320E+01	1.76320E-04	7.21170E-04	-5.61900E-03	-3.38480E-03	-6.95970E-03
-1.05820E+01	3.36330E-04	5.88540E-04	-5.70510E-03	-3.32200E-03	-7.13520E-03
-1.04320E+01	2.85610E-04	9.19750E-04	-5.74940E-03	-3.22940E-03	-7.26130E-03
-1.02820E+01	3.38060E-04	1.01430E-03	-4.86870E-03	-2.07940E-03	-6.54230E-03
-1.01320E+01	5.97500E-04	1.48060E-03	-5.01100E-03	-1.52390E-03	-7.10320E-03
-9.98160E+00	8.32550E-04	2.09500E-03	-4.06960E-03	8.57260E-04	-7.02590E-03
-9.83150E+00	1.07880E-03	2.72110E-03	-3.61740E-03	1.86820E-03	-6.90850E-03
-9.68140E+00	8.70830E-04	2.36660E-03	-3.70380E-03	4.15500E-04	-6.17540E-03
-9.53130E+00	1.05710E-03	2.80810E-03	-2.15830E-03	2.98030E-03	-5.24150E-03
-9.38120E+00	1.29550E-03	3.71630E-03	-1.52150E-03	4.13750E-03	-4.91690E-03
-9.23110E+00	1.34460E-03	3.49470E-03	-9.72450E-04	5.40010E-03	-4.79610E-03
-9.08100E+00	1.75460E-03	4.47780E-03	-4.15510E-04	7.87440E-03	-5.38930E-03
-8.93090E+00	1.91040E-03	5.20080E-03	6.55730E-04	9.72870E-03	-4.78810E-03
-8.78080E+00	1.95420E-03	5.51930E-03	1.06390E-03	1.02170E-02	-4.42790E-03
-8.63070E+00	2.55650E-03	6.59000E-03	2.12330E-03	1.38510E-02	-4.91330E-03
-8.48060E+00	2.69440E-03	7.27400E-03	3.71000E-03	1.60240E-02	-3.67840E-03
-8.33050E+00	2.99920E-03	7.87550E-03	4.49100E-03	1.78160E-02	-3.50390E-03
-8.18040E+00	3.23560E-03	8.77980E-03	5.05960E-03	1.90390E-02	-3.32780E-03
-8.03030E+00	3.55370E-03	9.45210E-03	6.77330E-03	2.26220E-02	-2.73640E-03
-7.88020E+00	4.20380E-03	1.11180E-02	8.86070E-03	2.76490E-02	-2.41260E-03
-7.73010E+00	4.64820E-03	1.24150E-02	1.02030E-02	3.05900E-02	-2.02920E-03
-7.58000E+00	5.31470E-03	1.44730E-02	1.23170E-02	3.59500E-02	-1.86230E-03
-7.42990E+00	6.04900E-03	1.61010E-02	1.45930E-02	4.00120E-02	-6.58120E-04
-7.27980E+00	6.80520E-03	1.77870E-02	1.67780E-02	4.47810E-02	-2.32490E-05
-7.12970E+00	7.45950E-03	1.96300E-02	1.96870E-02	5.03910E-02	1.26370E-03
-6.97960E+00	8.14220E-03	2.16010E-02	2.21760E-02	5.53370E-02	2.27890E-03
-6.82950E+00	9.06690E-03	2.43360E-02	2.56520E-02	6.28300E-02	3.34540E-03
-6.67940E+00	1.03630E-02	2.73190E-02	2.93290E-02	7.08920E-02	4.39110E-03
-6.52930E+00	1.14910E-02	3.02120E-02	3.34180E-02	7.81430E-02	6.58350E-03
-6.37920E+00	1.24320E-02	3.30980E-02	3.76210E-02	8.73530E-02	7.78230E-03
-6.22910E+00	1.40220E-02	3.69290E-02	4.22120E-02	9.67450E-02	9.49140E-03
-6.07900E+00	1.57490E-02	4.14030E-02	4.86610E-02	1.09610E-01	1.20930E-02
-5.92890E+00	1.75840E-02	4.58350E-02	5.49360E-02	1.21740E-01	1.48540E-02
-5.77880E+00	1.93840E-02	5.05980E-02	6.01600E-02	1.33170E-01	1.63540E-02
-5.62870E+00	2.14610E-02	5.56740E-02	6.69010E-02	1.46270E-01	1.92760E-02
-5.47860E+00	2.38780E-02	6.14730E-02	7.44420E-02	1.62020E-01	2.18960E-02
-5.32850E+00	2.63160E-02	6.81820E-02	8.21360E-02	1.78700E-01	2.41980E-02
-5.17840E+00	2.93630E-02	7.52760E-02	9.11330E-02	1.96210E-01	2.80860E-02
-5.02830E+00	3.27830E-02	8.35200E-02	1.01980E-01	2.18580E-01	3.20250E-02
-4.87820E+00	3.63820E-02	9.26390E-02	1.12760E-01	2.41080E-01	3.57670E-02
-4.72810E+00	4.03770E-02	1.01250E-01	1.24680E-01	2.63600E-01	4.13260E-02
-4.57800E+00	4.43280E-02	1.11060E-01	1.36530E-01	2.87630E-01	4.58710E-02
-4.42790E+00	4.92390E-02	1.22570E-01	1.50910E-01	3.15580E-01	5.21000E-02
-4.27780E+00	5.43910E-02	1.34020E-01	1.64920E-01	3.42990E-01	5.80750E-02
-4.12770E+00	6.01210E-02	1.47320E-01	1.79930E-01	3.73120E-01	6.40200E-02
-3.97760E+00	6.64470E-02	1.60760E-01	1.96710E-01	4.05110E-01	7.16760E-02
-3.82750E+00	7.28900E-02	1.74840E-01	2.13300E-01	4.37250E-01	7.89290E-02
-3.67740E+00	8.01710E-02	1.89940E-01	2.32180E-01	4.72300E-01	8.81070E-02
-3.52730E+00	8.85170E-02	2.07730E-01	2.51090E-01	5.08460E-01	9.66680E-02
-3.37720E+00	9.78080E-02	2.25570E-01	2.72520E-01	5.47150E-01	1.07740E-01
-3.22710E+00	1.07080E-01	2.44120E-01	2.93220E-01	5.84770E-01	1.18280E-01
-3.07700E+00	1.17940E-01	2.64860E-01	3.15570E-01	6.26720E-01	1.28880E-01
-2.92690E+00	1.29630E-01	2.86430E-01	3.38610E-01	6.67110E-01	1.41520E-01
-2.77680E+00	1.41820E-01	3.07470E-01	3.62020E-01	7.07050E-01	1.55010E-01
-2.62670E+00	1.54350E-01	3.30040E-01	3.85860E-01	7.47390E-01	1.68940E-01
-2.47660E+00	1.69290E-01	3.54210E-01	4.09990E-01	7.88760E-01	1.82720E-01
-2.32650E+00	1.84400E-01	3.78330E-01	4.33940E-01	8.27390E-01	1.97870E-01
-2.17640E+00	2.00210E-01	4.02720E-01	4.57670E-01	8.64560E-01	2.13530E-01
-2.02630E+00	2.17340E-01	4.27560E-01	4.81840E-01	9.00700E-01	2.30530E-01
-1.87620E+00	2.35590E-01	4.53210E-01	5.06470E-01	9.36660E-01	2.48360E-01
-1.72610E+00	2.54390E-01	4.78970E-01	5.30030E-01	9.70900E-01	2.65510E-01
-1.57600E+00	2.74780E-01	5.04800E-01	5.54100E-01	1.00120E+00	2.85830E-01
-1.42590E+00	2.95950E-01	5.30780E-01	5.78320E-01	1.03170E+00	3.06290E-01
-1.27580E+00	3.17630E-01	5.55850E-01	6.01440E-01	1.05650E+00	3.28380E-01
-1.12570E+00	3.39940E-01	5.80880E-01	6.21250E-01	1.07710E+00	3.47730E-01
-9.75630E-01	3.62680E-01	6.04800E-01	6.41870E-01	1.09680E+00	3.68890E-01
-8.25530E-01	3.85860E-01	6.28300E-01	6.62240E-01	1.11520E+00	3.90440E-01
-6.75430E-01	4.09470E-01	6.50780E-01	6.82580E-01	1.13110E+00	4.13460E-01
-5.25330E-01	4.33090E-01	6.72520E-01	7.00130E-01	1.14320E+00	4.34310E-01
-3.75230E-01	4.56850E-01	6.93310E-01	7.16200E-01	1.15260E+00	4.54350E-01
-2.25130E-01	4.81760E-01	7.14190E-01	7.33490E-01	1.16010E+00	4.77530E-01
-7.50310E-02	5.05300E-01	7.32950E-01	7.49460E-01	1.16620E+00	4.99400E-01
7.50680E-02	5.30160E-01	7.51890E-01	7.63530E-01	1.16870E+00	5.20440E-01
2.25170E-01	5.53540E-01	7.68900E-01	7.77650E-01	1.16970E+00	5.42430E-01
3.75270E-01	5.76770E-01	7.85240E-01	7.92570E-01	1.17070E+00	5.65700E-01
5.25370E-01	5.99610E-01	8.00760E-01	8.04330E-01	1.17050E+00	5.84630E-01
6.75470E-01	6.22570E-01	8.15860E-01	8.15910E-01	1.16750E+00	6.04970E-01
8.25560E-01	6.43800E-01	8.28700E-01	8.27740E-01	1.16530E+00	6.25180E-01
9.75660E-01	6.64470E-01	8.41440E-01	8.36860E-01	1.16010E+00	6.42930E-01
1.12580E+00	6.84740E-01	8.53210E-01	8.46720E-01	1.15480E+00	6.61850E-01
1.27590E+00	7.04460E-01	8.64530E-01	8.56320E-01	1.14990E+00	6.80170E-01
1.42600E+00	7.22740E-01	8.74410E-01	8.64880E-01	1.14500E+00	6.96810E-01
1.57610E+00	7.40380E-01	8.84130E-01	8.73190E-01	1.13900E+00	7.13680E-01
1.72620E+00	7.57490E-01	8.92990E-01	8.81060E-01	1.13360E+00	7.29500E-01
1.87630E+00	7.73280E-01	9.01080E-01	8.88790E-01	1.12630E+00	7.46290E-01
2.02640E+00	7.88570E-01	9.08650E-01	8.94860E-01	1.11990E+00	7.59860E-01
2.17650E+00	8.02230E-01	9.15380E-01	9.01440E-01	1.11270E+00	7.74680E-01
2.32660E+00	8.15600E-01	9.21700E-01	9.07280E-01	1.10700E+00	7.87450E-01
2.47670E+00	8.29030E-01	9.27990E-01	9.12970E-01	1.10020E+00	8.00640E-01
2.62680E+00	8.40660E-01	9.33320E-01	9.18870E-01	1.09510E+00	8.13150E-01
2.77690E+00	8.52240E-01	9.38770E-01	9.24690E-01	1.08930E+00	8.25910E-01
2.92700E+00	8.62950E-01	9.43380E-01	9.28270E-01	1.08200E+00	8.36050E-01
3.07710E+00	8.72450E-01	9.47710E-01	9.32810E-01	1.07610E+00	8.46840E-01
3.22720E+00	8.80800E-01	9.51240E-01	9.38060E-01	1.07240E+00	8.57440E-01
3.37730E+00	8.89760E-01	9.55260E-01	9.42410E-01	1.06830E+00	8.66870E-01
3.52740E+00	8.98890E-01	9.58790E-01	9.44920E-01	1.06210E+00	8.74580E-01
3.67750E+00	9.05710E-01	9.61980E-01	9.47830E-01	1.05680E+00	8.82460E-01
3.82760E+00	9.12990E-01	9.64870E-01	9.51040E-01	1.05290E+00	8.89920E-01
3.97760E+00	9.19770E-01	9.67760E-01	9.53950E-01	1.04780E+00	8.97610E-01
4.12770E+00	9.26670E-01	9.70670E-01	9.56570E-01	1.04270E+00	9.04900E-01
4.27780E+00	9.31700E-01	9.72550E-01	9.59650E-01	1.04080E+00	9.10980E-01
4.42790E+00	9.37020E-01	9.74740E-01	9.61180E-01	1.03680E+00	9.15830E-01
4.57800E+00	9.42750E-01	9.76880E-01	9.63620E-01	1.03440E+00	9.21140E-01
4.72810E+00	9.46880E-01	9.78690E-01	9.65750E-01	1.03040E+00	9.26970E-01
4.87820E+00	9.51000E-01	9.80420E-01	9.67220E-01	1.02850E+00	9.30430E-01
5.02830E+00	9.54260E-01	9.81450E-01	9.69810E-01	1.02550E+00	9.36400E-01
5.17840E+00	9.57580E-01	9.82880E-01	9.71620E-01	1.02270E+00	9.40970E-01
5.32850E+00	9.61400E-01	9.84470E-01	9.72740E-01	1.02020E+00	9.44270E-01
5.47860E+00	9.64140E-01	9.85550E-01	9.73900E-01	1.01750E+00	9.47760E-01
5.62870E+00	9.67060E-01	9.86480E-01	9.75240E-01	1.01680E+00	9.50330E-01
5.77880E+00	9.70040E-01	9.87780E-01	9.76400E-01	1.01430E+00	9.53680E-01
5.92890E+00	9.72340E-01	9.88510E-01	9.78530E-01	1.01230E+00	9.58250E-01
6.07900E+00	9.73850E-01	9.89290E-01	9.79090E-01	1.01130E+00	9.59770E-01
6.22910E+00	9.75860E-01	9.89900E-01	9.80060E-01	1.01120E+00	9.61410E-01
6.37920E+00	9.77950E-01	9.90920E-01	9.80370E-01	1.00970E+00	9.62760E-01
6.52930E+00	9.79600E-01	9.91280E-01	9.80660E-01	1.00830E+00	9.64070E-01
6.67940E+00	9.82100E-01	9.92290E-01	9.80750E-01	1.00540E+00	9.65970E-01
6.82950E+00	9.82470E-01	9.92420E-01	9.83010E-01	1.00510E+00	9.69760E-01
6.97960E+00	9.84220E-01	9.93280E-01	9.82610E-01	1.00360E+00	9.70020E-01
7.12970E+00	9.84900E-01	9.93230E-01	9.83610E-01	1.00420E+00	9.71250E-01
7.27980E+00	9.86730E-01	9.94120E-01	9.83580E-01	1.00230E+00	9.72380E-01
7.42990E+00	9.88080E-01	9.94680E-01	9.84540E-01	1.00060E+00	9.74890E-01
7.58000E+00	9.88860E-01	9.94900E-01	9.84510E-01	9.98870E-01	9.75900E-01
7.73010E+00	9.90250E-01	9.95240E-01	9.86670E-01	1.00050E+00	9.78390E-01
7.88020E+00	9.91410E-01	9.95940E-01	9.86060E-01	9.99090E-01	9.78250E-01
8.03030E+00	9.92510E-01	9.96230E-01	9.87510E-01	1.00020E+00	9.79890E-01
8.18040E+00	9.93060E-01	9.96480E-01	9.86940E-01	9.98920E-01	9.79760E-01
8.33050E+00	9.92610E-01	9.96420E-01	9.88090E-01	9.99380E-01	9.81320E-01
8.48060E+00	9.93430E-01	9.96520E-01	9.88390E-01	9.99940E-01	9.81460E-01
8.63070E+00	9.94230E-01	9.96750E-01	9.88790E-01	9.97200E-01	9.83740E-01
8.78080E+00	9.95460E-01	9.97410E-01	9.88960E-01	9.96490E-01	9.84440E-01
8.93090E+00	9.94900E-01	9.97230E-01	9.88320E-01	9.97040E-01	9.83090E-01
9.08100E+00	9.95930E-01	9.97440E-01	9.88700E-01	9.95840E-01	9.84410E-01
9.23110E+00	9.97090E-01	9.98020E-01	9.90260E-01	9.96980E-01	9.86230E-01
9.38120E+00	9.96950E-01	9.97890E-01	9.89520E-01	9.95430E-01	9.85970E-01
9.53130E+00	9.97090E-01	9.97980E-01	9.88260E-01	9.93410E-01	9.85160E-01
9.68140E+00	9.97490E-01	9.97890E-01	9.89230E-01	9.93940E-01	9.86410E-01
9.83150E+00	9.97460E-01	9.98210E-01	9.90030E-01	9.95670E-01	9.86650E-01
9.98160E+00	9.98010E-01	9.98410E-01	9.89480E-01	9.93290E-01	9.87200E-01
1.01320E+01	9.98160E-01	9.98260E-01	9.89520E-01	9.94920E-01	9.86290E-01
1.02820E+01	9.97390E-01	9.97980E-01	9.90690E-01	9.95580E-01	9.87760E-01
1.04320E+01	9.97850E-01	9.98340E-01	9.90260E-01	9.94450E-01	9.87750E-01
1.05820E+01	9.97990E-01	9.98290E-01	9.89150E-01	9.93890E-01	9.86310E-01
1.07320E+01	9.98780E-01	9.98430E-01	9.90360E-01	9.94450E-01	9.87910E-01
1.08820E+01	9.98930E-01	9.98730E-01	9.90010E-01	9.93850E-01	9.87700E-01
1.10320E+01	9.99500E-01	9.98840E-01	9.91650E-01	9.94760E-01	9.89790E-01
1.11820E+01	1.00020E+00	9.99090E-01	9.91460E-01	9.93860E-01	9.90030E-01
1.13330E+01	1.00020E+00	9.99060E-01	9.91940E-01	9.93390E-01	9.91070E-01
1.14830E+01	1.00010E+00	9.99170E-01	9.92200E-01	9.93430E-01	9.91460E-01
1.16330E+01	1.00050E+00	9.99270E-01	9.92740E-01	9.94150E-01	9.91900E-01
1.17830E+01	1.00020E+00	9.98980E-01	9.92190E-01	9.92970E-01	9.91730E-01
1.19330E+01	1.00100E+00	9.99420E-01	9.91940E-01	9.93040E-01	9.91280E-01
1.20830E+01	1.00020E+00	9.99080E-01	9.92260E-01	9.94620E-01	9.90850E-01
1.22330E+01	1.00090E+00	9.99380E-01	9.92120E-01	9.93580E-01	9.91250E-01
1.23830E+01	1.00120E+00	9.99490E-01	9.91610E-01	9.93150E-01	9.90690E-01
1.25330E+01	1.00100E+00	9.99500E-01	9.91920E-01	9.93090E-01	9.91220E-01
1.26830E+01	1.00050E+00	9.99120E-01	9.91780E-01	9.92980E-01	9.91070E-01
1.28340E+01	1.00040E+00	9.99180E-01	9.91530E-01	9.91990E-01	9.91260E-01
1.29840E+01	9.99920E-01	9.99100E-01	9.93390E-01	9.93650E-01	9.93230E-01
1.31340E+01	1.00090E+00	9.99350E-01	9.91870E-01	9.91610E-01	9.92030E-01
1.32840E+01	1.00050E+00	9.99180E-01	9.90610E-01	9.92410E-01	9.89540E-01
1.34340E+01	1.00040E+00	9.99210E-01	9.91430E-01	9.93380E-01	9.90260E-01
1.35840E+01	1.00140E+00	9.99660E-01	9.91610E-01	9.92630E-01	9.91000E-01
1.37340E+01	1.00140E+00	9.99540E-01	9.92440E-01	9.92730E-01	9.92270E-01
1.38840E+01	1.00130E+00	9.99540E-01	9.91150E-01	9.91950E-01	9.90670E-01
1.40340E+01	1.00120E+00	9.99430E-01	9.91600E-01	9.91490E-01	9.91660E-01
1.41840E+01	1.00130E+00	9.99560E-01	9.92270E-01	9.92520E-01	9.92110E-01
1.43350E+01	1.00160E+00	9.99610E-01	9.92980E-01	9.92730E-01	9.93130E-01
1.44850E+01	1.00110E+00	9.99330E-01	9.92200E-01	9.92390E-01	9.92090E-01
1.46350E+01	1.00030E+00	9.99300E-01	9.93640E-01	9.93520E-01	9.93710E-01
1.47850E+01	1.00050E+00	9.99270E-01	9.93860E-01	9.94470E-01	9.93500E-01
1.49350E+01	1.00090E+00	9.99380E-01	9.92020E-01	9.93450E-01	9.91160E-01
1.50850E+01	1.00140E+00	9.99490E-01	9.93290E-01	9.93580E-01	9.93120E-01
1.52350E+01	1.00090E+00	9.99470E-01	9.93290E-01	9.92560E-01	9.93730E-01
1.53850E+01	1.00150E+00	9.99640E-01	9.91880E-01	9.92190E-01	9.91690E-01
1.55350E+01	1.00150E+00	9.99570E-01	9.92590E-01	9.92210E-01	9.92820E-01
1.56850E+01	1.00120E+00	9.99470E-01	9.92850E-01	9.93810E-01	9.92280E-01
1.58350E+01	1.00100E+00	9.99380E-01	9.92810E-01	9.92970E-01	9.92720E-01
1.59860E+01	1.00100E+00	9.99280E-01	9.92910E-01	9.94100E-01	9.92190E-01
1.61360E+01	1.00120E+00	9.99660E-01	9.92560E-01	9.94080E-01	9.91640E-01
1.62860E+01	1.00110E+00	9.99590E-01	9.92330E-01	9.93120E-01	9.91850E-01
1.64360E+01	1.00170E+00	9.99620E-01	9.92610E-01	9.93560E-01	9.92050E-01
1.65860E+01	1.00150E+00	9.99500E-01	9.90970E-01	9.92740E-01	9.89900E-01
1.67360E+01	1.00120E+00	9.99560E-01	9.91780E-01	9.93800E-01	9.90570E-01
1.68860E+01	1.00110E+00	9.99630E-01	9.92020E-01	9.93120E-01	9.91360E-01
1.70360E+01	1.00160E+00	9.99510E-01	9.91770E-01	9.92640E-01	9.91250E-01
1.71860E+01	1.00060E+00	9.99370E-01	9.91560E-01	9.92180E-01	9.91190E-01
1.73360E+01	1.00090E+00	9.99370E-01	9.90720E-01	9.91610E-01	9.90190E-01
1.74870E+01	1.00100E+00	9.99450E-01	9.91780E-01	9.92460E-01	9.91380E-01
1.76370E+01	1.00130E+00	9.99550E-01	9.91800E-01	9.91900E-01	9.91740E-01
1.77870E+01	1.00220E+00	9.99800E-01	9.91740E-01	9.93080E-01	9.90940E-01
1.79370E+01	1.00120E+00	9.99470E-01	9.91820E-01	9.93050E-01	9.91090E-01
1.80870E+01	1.00060E+00	9.99380E-01	9.91310E-01	9.92670E-01	9.90500E-01
1.82370E+01	1.00170E+00	9.99690E-01	9.91780E-01	9.92270E-01	9.91490E-01
1.83870E+01	1.00270E+00	1.00010E+00	9.91320E-01	9.89330E-01	9.92510E-01
1.85370E+01	1.00250E+00	1.00000E+00	9.92620E-01	9.91550E-01	9.93270E-01
1.86870E+01	1.00280E+00	1.00010E+00	9.92730E-01	9.91740E-01	9.93330E-01
1.88370E+01	1.00270E+00	1.00000E+00	9.91120E-01	9.89900E-01	9.91860E-01
1.89880E+01	1.00200E+00	9.99990E-01	9.92430E-01	9.91490E-01	9.92990E-01
1.91380E+01	1.00210E+00	9.99790E-01	9.91780E-01	9.90760E-01	9.92390E-01
1.92880E+01	1.00220E+00	9.99730E-01	9.91650E-01	9.92130E-01	9.91370E-01
1.94380E+01	1.00210E+00	9.99960E-01	9.92010E-01	9.91860E-01	9.92100E-01
1.95880E+01	1.00230E+00	9.99950E-01	9.91570E-01	9.92180E-01	9.91210E-01
1.97380E+01	1.00130E+00	9.99530E-01	9.91020E-01	9.90700E-01	9.91200E-01
1.98880E+01	1.00110E+00	9.99600E-01	9.92050E-01	9.90640E-01	9.92900E-01
2.00380E+01	1.00180E+00	9.99720E-01	9.92280E-01	9.90920E-01	9.93100E-01
2.01880E+01	1.00140E+00	9.99530E-01	9.92460E-01	9.92490E-01	9.92440E-01
2.03380E+01	1.00170E+00	9.99560E-01	9.93180E-01	9.93300E-01	9.93110E-01
2.04890E+01	1.00100E+00	9.99560E-01	9.92250E-01	9.92490E-01	9.92100E-01
2.06390E+01	1.00080E+00	9.99410E-01	9.91970E-01	9.92980E-01	9.91360E-01
2.07890E+01	1.00120E+00	9.99480E-01	9.91900E-01	9.91750E-01	9.92000E-01
2.09390E+01	1.00090E+00	9.99470E-01	9.92030E-01	9.93180E-01	9.91340E-01
2.10890E+01	1.00020E+00	9.99190E-01	9.92290E-01	9.93710E-01	9.91440E-01
2.12390E+01	1.00180E+00	9.99700E-01	9.91880E-01	9.92820E-01	9.91320E-01
2.13890E+01	1.00080E+00	9.99450E-01	9.92140E-01	9.93310E-01	9.91440E-01
2.15390E+01	1.00150E+00	9.99620E-01	9.91920E-01	9.92800E-01	9.91400E-01
2.16890E+01	1.00100E+00	9.99430E-01	9.92720E-01	9.92480E-01	9.92860E-01
2.18390E+01	1.00180E+00	9.99760E-01	9.92540E-01	9.92870E-01	9.92330E-01
2.19900E+01	1.00130E+00	9.99600E-01	9.92760E-01	9.93330E-01	9.92420E-01
2.21400E+01	1.00170E+00	9.99680E-01	9.92430E-01	9.91570E-01	9.92950E-01
2.22900E+01	1.00180E+00	9.99770E-01	9.93030E-01	9.92520E-01	9.93340E-01
2.24400E+01	1.00230E+00	1.00010E+00	9.92430E-01	9.91500E-01	9.92980E-01
