-2.22440E+01	-2.30080E-03	-1.86290E-03	-9.05610E-04	-9.05680E-04	-2.552000E+00
-2.20950E+01	-5.22970E-04	-3.29330E-06	5.15140E-04	5.15190E-04	-2.552000E+00
-2.19460E+01	4.75440E-04	4.65930E-04	1.59430E-03	1.59420E-03	-2.552000E+00
-2.17970E+01	1.38690E-03	1.54060E-03	2.00630E-03	2.00630E-03	-2.552000E+00
-2.16490E+01	4.45950E-04	9.48170E-04	1.24800E-03	1.24790E-03	-2.552000E+00
-2.15000E+01	-4.53150E-04	-1.08630E-03	6.82860E-04	6.82780E-04	-2.552000E+00
-2.13510E+01	-9.10190E-04	-1.32970E-03	1.74370E-04	1.74300E-04	-2.552000E+00
-2.12020E+01	-1.63170E-03	-2.71810E-03	2.48270E-04	2.48290E-04	-2.552000E+00
-2.10530E+01	-1.59860E-03	-2.32090E-03	-1.46940E-03	-1.46950E-03	-2.552000E+00
-2.09050E+01	-7.14750E-05	-5.44600E-04	4.59320E-04	4.59350E-04	-2.552000E+00
-2.07560E+01	6.54840E-04	-1.37620E-04	4.69150E-04	4.69020E-04	-2.552000E+00
-2.06070E+01	-1.21520E-03	-1.33380E-03	-1.70120E-04	-1.70070E-04	-2.552000E+00
-2.04580E+01	-1.61820E-04	4.25140E-05	7.51440E-04	7.51560E-04	-2.552000E+00
-2.03090E+01	3.28720E-04	5.41770E-04	6.41400E-04	6.41510E-04	-2.552000E+00
-2.01610E+01	-3.04770E-04	-8.50860E-04	2.67930E-04	2.68040E-04	-2.552000E+00
-2.00120E+01	-3.79790E-04	-1.15190E-03	-6.29970E-05	-6.30060E-05	-2.552000E+00
-1.98630E+01	-1.13560E-03	-1.34470E-03	-1.31230E-03	-1.31230E-03	-2.552000E+00
-1.97140E+01	-3.63630E-04	-1.39240E-03	1.94310E-04	1.94250E-04	-2.552000E+00
-1.95660E+01	-4.45360E-04	-7.70310E-04	-6.60800E-04	-6.60900E-04	-2.552000E+00
-1.94170E+01	7.26550E-05	-8.34050E-04	4.63300E-04	4.63240E-04	-2.552000E+00
-1.92680E+01	1.54160E-04	2.72480E-04	7.19010E-04	7.19110E-04	-2.552000E+00
-1.91190E+01	-5.76870E-04	-4.32030E-04	-5.07430E-04	-5.07330E-04	-2.552000E+00
-1.89700E+01	-3.62680E-04	-7.54640E-04	-2.15570E-03	-2.15580E-03	-2.552000E+00
-1.88220E+01	4.72140E-04	7.80660E-04	3.20560E-04	3.20540E-04	-2.552000E+00
-1.86730E+01	-7.59690E-04	-1.34880E-03	-1.71820E-03	-1.71820E-03	-2.552000E+00
-1.85240E+01	-7.78090E-04	-1.36060E-03	-6.49640E-04	-6.49710E-04	-2.552000E+00
-1.83750E+01	-1.25020E-05	-7.81420E-04	2.79100E-05	2.80300E-05	-2.552000E+00
-1.82260E+01	1.96260E-04	-1.66140E-04	4.33800E-04	4.33870E-04	-2.552000E+00
-1.80780E+01	6.03530E-04	1.12400E-03	1.16980E-03	1.16970E-03	-2.552000E+00
-1.79290E+01	-3.19040E-04	8.78200E-05	-2.20620E-04	-2.20560E-04	-2.552000E+00
-1.77800E+01	8.88490E-04	6.92000E-04	1.70890E-03	1.70890E-03	-2.552000E+00
-1.76310E+01	8.98990E-04	1.29760E-03	4.34600E-04	4.34670E-04	-2.552000E+00
-1.74830E+01	1.33990E-04	6.02650E-04	-9.62230E-05	-9.62510E-05	-2.552000E+00
-1.73340E+01	1.10670E-03	1.16970E-03	1.85030E-03	1.85020E-03	-2.552000E+00
-1.71850E+01	6.87740E-04	1.47100E-03	1.44470E-03	1.44460E-03	-2.552000E+00
-1.70360E+01	5.42430E-04	1.41490E-03	1.95690E-03	1.95700E-03	-2.552000E+00
-1.68870E+01	9.30950E-04	1.56160E-03	1.90370E-03	1.90360E-03	-2.552000E+00
-1.67390E+01	1.56640E-03	9.75710E-04	2.40500E-03	2.40510E-03	-2.552000E+00
-1.65900E+01	1.02470E-03	2.39080E-03	2.37420E-03	2.37420E-03	-2.552000E+00
-1.64410E+01	1.28620E-03	1.73950E-03	2.19290E-03	2.19300E-03	-2.552000E+00
-1.62920E+01	1.76460E-03	2.27100E-03	2.95500E-03	2.95490E-03	-2.552000E+00
-1.61430E+01	2.37610E-03	3.44430E-03	3.48660E-03	3.48650E-03	-2.552000E+00
-1.59950E+01	2.53550E-03	3.90340E-03	3.78830E-03	3.78830E-03	-2.552000E+00
-1.58460E+01	2.01260E-03	2.35220E-03	3.66200E-03	3.66200E-03	-2.552000E+00
-1.56970E+01	1.97930E-03	3.51390E-03	3.93210E-03	3.93220E-03	-2.552000E+00
-1.55480E+01	2.00460E-03	3.45760E-03	4.39220E-03	4.39220E-03	-2.552000E+00
-1.53990E+01	4.00290E-03	5.30660E-03	6.02080E-03	6.02090E-03	-2.552000E+00
-1.52510E+01	3.55750E-03	4.64920E-03	5.78610E-03	5.78600E-03	-2.552000E+00
-1.51020E+01	2.51300E-03	4.23300E-03	6.29810E-03	6.29820E-03	-2.552000E+00
-1.49530E+01	2.19470E-03	3.19230E-03	5.56020E-03	5.56020E-03	-2.552000E+00
-1.48040E+01	2.22030E-03	2.68690E-03	5.56970E-03	5.56970E-03	-2.552000E+00
-1.46560E+01	1.90420E-03	3.44140E-03	4.53470E-03	4.53480E-03	-2.552000E+00
-1.45070E+01	3.10600E-03	4.63230E-03	6.94480E-03	6.94480E-03	-2.552000E+00
-1.43580E+01	3.82660E-03	6.21410E-03	6.99210E-03	6.99210E-03	-2.552000E+00
-1.42090E+01	4.40080E-03	6.34570E-03	9.10690E-03	9.10690E-03	-2.552000E+00
-1.40600E+01	3.43250E-03	5.67860E-03	7.75740E-03	7.75740E-03	-2.552000E+00
-1.39120E+01	4.03460E-03	6.11560E-03	8.28230E-03	8.28230E-03	-2.552000E+00
-1.37630E+01	4.15970E-03	5.94280E-03	1.00860E-02	1.00860E-02	-2.552000E+00
-1.36140E+01	4.44400E-03	6.86800E-03	1.09790E-02	1.09790E-02	-2.552000E+00
-1.34650E+01	4.31520E-03	6.45860E-03	9.93060E-03	9.93070E-03	-2.552000E+00
-1.33160E+01	4.19840E-03	6.25630E-03	9.85110E-03	9.85100E-03	-2.552000E+00
-1.31680E+01	4.79240E-03	8.19520E-03	1.20110E-02	1.20110E-02	-2.552000E+00
-1.30190E+01	6.43090E-03	9.81510E-03	1.41090E-02	1.41090E-02	-2.552000E+00
-1.28700E+01	7.18930E-03	1.09090E-02	1.39750E-02	1.39750E-02	-2.552000E+00
-1.27210E+01	6.41470E-03	1.02470E-02	1.47330E-02	1.47330E-02	-2.552000E+00
-1.25730E+01	7.41620E-03	1.15160E-02	1.59740E-02	1.59740E-02	-2.552000E+00
-1.24240E+01	8.14370E-03	1.31160E-02	1.75410E-02	1.75410E-02	-2.552000E+00
-1.22750E+01	8.27880E-03	1.23530E-02	1.72960E-02	1.72960E-02	-2.552000E+00
-1.21260E+01	9.72440E-03	1.49170E-02	1.91510E-02	1.91510E-02	-2.552000E+00
-1.19770E+01	9.32970E-03	1.42520E-02	1.88530E-02	1.88530E-02	-2.552000E+00
-1.18290E+01	1.00630E-02	1.57650E-02	2.01020E-02	2.01020E-02	-2.552000E+00
-1.16800E+01	9.70520E-03	1.54960E-02	1.96350E-02	1.96350E-02	-2.552000E+00
-1.15310E+01	1.04170E-02	1.54430E-02	2.03220E-02	2.03220E-02	-2.552000E+00
-1.13820E+01	1.12470E-02	1.75080E-02	2.18040E-02	2.18040E-02	-2.552000E+00
-1.12330E+01	1.18330E-02	1.85960E-02	2.45850E-02	2.45850E-02	-2.552000E+00
-1.10850E+01	1.33660E-02	2.07680E-02	2.61550E-02	2.61550E-02	-2.552000E+00
-1.09360E+01	1.30840E-02	2.07420E-02	2.59000E-02	2.59000E-02	-2.552000E+00
-1.07870E+01	1.46390E-02	2.29670E-02	2.93430E-02	2.93430E-02	-2.552000E+00
-1.06380E+01	1.48260E-02	2.29960E-02	3.04010E-02	3.04010E-02	-2.552000E+00
-1.04890E+01	1.58290E-02	2.49320E-02	3.21800E-02	3.21800E-02	-2.552000E+00
-1.03410E+01	1.77170E-02	2.71970E-02	3.47060E-02	3.47060E-02	-2.552000E+00
-1.01920E+01	1.92260E-02	2.98570E-02	3.87880E-02	3.87880E-02	-2.552000E+00
-1.00430E+01	1.97710E-02	3.11400E-02	3.94120E-02	3.94120E-02	-2.552000E+00
-9.89430E+00	2.07900E-02	3.25770E-02	4.22480E-02	4.22480E-02	-2.552000E+00
-9.74560E+00	2.21470E-02	3.42050E-02	4.49640E-02	4.49650E-02	-2.552000E+00
-9.59680E+00	2.38330E-02	3.70080E-02	4.82760E-02	4.82760E-02	-2.552000E+00
-9.44800E+00	2.56880E-02	3.98710E-02	5.17430E-02	5.17420E-02	-2.552000E+00
-9.29920E+00	2.64390E-02	4.09880E-02	5.20600E-02	5.20600E-02	-2.552000E+00
-9.15040E+00	2.83060E-02	4.40750E-02	5.56440E-02	5.56440E-02	-2.552000E+00
-9.00160E+00	3.00180E-02	4.67920E-02	5.84440E-02	5.84440E-02	-2.552000E+00
-8.85280E+00	3.34940E-02	5.15200E-02	6.43930E-02	6.43930E-02	-2.552000E+00
-8.70400E+00	3.42390E-02	5.25400E-02	6.80470E-02	6.80470E-02	-2.552000E+00
-8.55530E+00	3.73050E-02	5.75460E-02	7.37090E-02	7.37090E-02	-2.552000E+00
-8.40650E+00	3.89700E-02	6.09480E-02	7.77030E-02	7.77030E-02	-2.552000E+00
-8.25770E+00	4.23680E-02	6.56710E-02	8.10420E-02	8.10420E-02	-2.552000E+00
-8.10890E+00	4.32140E-02	6.65800E-02	8.45170E-02	8.45170E-02	-2.552000E+00
-7.96010E+00	4.54520E-02	6.96670E-02	8.85920E-02	8.85920E-02	-2.552000E+00
-7.81130E+00	4.78690E-02	7.37760E-02	9.49990E-02	9.49990E-02	-2.552000E+00
-7.66250E+00	5.17770E-02	7.93230E-02	1.00610E-01	1.00610E-01	-2.552000E+00
-7.51370E+00	5.44780E-02	8.29370E-02	1.05870E-01	1.05870E-01	-2.552000E+00
-7.36500E+00	5.64370E-02	8.62500E-02	1.10770E-01	1.10770E-01	-2.552000E+00
-7.21620E+00	6.00690E-02	9.09030E-02	1.15850E-01	1.15850E-01	-2.552000E+00
-7.06740E+00	6.27460E-02	9.57110E-02	1.20630E-01	1.20630E-01	-2.552000E+00
-6.91860E+00	6.58010E-02	1.00490E-01	1.26020E-01	1.26020E-01	-2.552000E+00
-6.76980E+00	6.97630E-02	1.05030E-01	1.32770E-01	1.32770E-01	-2.552000E+00
-6.62100E+00	7.35820E-02	1.11420E-01	1.39170E-01	1.39170E-01	-2.552000E+00
-6.47220E+00	7.76790E-02	1.17810E-01	1.47460E-01	1.47460E-01	-2.552000E+00
-6.32340E+00	8.35350E-02	1.24570E-01	1.55590E-01	1.55590E-01	-2.552000E+00
-6.17470E+00	8.84480E-02	1.33020E-01	1.65310E-01	1.65310E-01	-2.552000E+00
-6.02590E+00	9.20000E-02	1.38800E-01	1.71790E-01	1.71790E-01	-2.552000E+00
-5.87710E+00	9.73220E-02	1.45520E-01	1.81330E-01	1.81330E-01	-2.552000E+00
-5.72830E+00	1.02180E-01	1.52360E-01	1.89830E-01	1.89830E-01	-2.552000E+00
-5.57950E+00	1.07690E-01	1.60670E-01	1.99940E-01	1.99940E-01	-2.552000E+00
-5.43070E+00	1.13690E-01	1.68790E-01	2.09040E-01	2.09040E-01	-2.552000E+00
-5.28190E+00	1.19690E-01	1.76280E-01	2.18030E-01	2.18030E-01	-2.552000E+00
-5.13310E+00	1.24940E-01	1.84800E-01	2.26900E-01	2.26900E-01	-2.552000E+00
-4.98440E+00	1.32810E-01	1.94860E-01	2.39440E-01	2.39440E-01	-2.552000E+00
-4.83560E+00	1.38650E-01	2.03100E-01	2.50610E-01	2.50610E-01	-2.552000E+00
-4.68680E+00	1.46540E-01	2.12970E-01	2.62260E-01	2.62260E-01	-2.552000E+00
-4.53800E+00	1.52800E-01	2.22090E-01	2.71200E-01	2.71200E-01	-2.552000E+00
-4.38920E+00	1.61410E-01	2.33270E-01	2.84720E-01	2.84720E-01	-2.552000E+00
-4.24040E+00	1.69090E-01	2.42510E-01	2.96680E-01	2.96680E-01	-2.552000E+00
-4.09160E+00	1.77480E-01	2.54100E-01	3.09810E-01	3.09810E-01	-2.552000E+00
-3.94280E+00	1.86660E-01	2.66390E-01	3.22670E-01	3.22670E-01	-2.552000E+00
-3.79410E+00	1.94720E-01	2.75770E-01	3.33370E-01	3.33370E-01	-2.552000E+00
-3.64530E+00	2.05180E-01	2.89630E-01	3.47750E-01	3.47750E-01	-2.552000E+00
-3.49650E+00	2.12570E-01	2.99540E-01	3.60870E-01	3.60870E-01	-2.552000E+00
-3.34770E+00	2.23080E-01	3.11990E-01	3.74810E-01	3.74810E-01	-2.552000E+00
-3.19890E+00	2.33420E-01	3.24190E-01	3.88350E-01	3.88350E-01	-2.552000E+00
-3.05010E+00	2.43230E-01	3.37500E-01	4.02840E-01	4.02840E-01	-2.552000E+00
-2.90130E+00	2.55030E-01	3.51250E-01	4.16940E-01	4.16940E-01	-2.552000E+00
-2.75250E+00	2.66090E-01	3.64070E-01	4.31540E-01	4.31540E-01	-2.552000E+00
-2.60380E+00	2.77480E-01	3.77470E-01	4.44420E-01	4.44420E-01	-2.552000E+00
-2.45500E+00	2.89460E-01	3.92000E-01	4.60770E-01	4.60770E-01	-2.552000E+00
-2.30620E+00	3.02540E-01	4.06510E-01	4.75160E-01	4.75160E-01	-2.552000E+00
-2.15740E+00	3.15050E-01	4.20880E-01	4.88910E-01	4.88910E-01	-2.552000E+00
-2.00860E+00	3.26420E-01	4.33740E-01	5.03770E-01	5.03770E-01	-2.552000E+00
-1.85980E+00	3.40230E-01	4.48510E-01	5.17440E-01	5.17440E-01	-2.552000E+00
-1.71100E+00	3.53080E-01	4.62870E-01	5.31570E-01	5.31570E-01	-2.552000E+00
-1.56220E+00	3.65220E-01	4.76270E-01	5.46800E-01	5.46800E-01	-2.552000E+00
-1.41350E+00	3.77270E-01	4.88540E-01	5.61740E-01	5.61740E-01	-2.552000E+00
-1.26470E+00	3.90760E-01	5.03780E-01	5.76030E-01	5.76030E-01	-2.552000E+00
-1.11590E+00	4.03100E-01	5.16340E-01	5.90540E-01	5.90540E-01	-2.552000E+00
-9.67100E-01	4.17770E-01	5.30640E-01	6.03720E-01	6.03720E-01	-2.552000E+00
-8.18310E-01	4.31980E-01	5.45610E-01	6.16620E-01	6.16620E-01	-2.552000E+00
-6.69530E-01	4.46080E-01	5.59740E-01	6.30070E-01	6.30070E-01	-2.552000E+00
-5.20740E-01	4.59190E-01	5.73190E-01	6.44940E-01	6.44940E-01	-2.552000E+00
-3.71950E-01	4.73030E-01	5.86800E-01	6.56610E-01	6.56610E-01	-2.552000E+00
-2.23160E-01	4.87510E-01	6.00610E-01	6.70010E-01	6.70010E-01	-2.552000E+00
-7.43750E-02	5.01330E-01	6.14010E-01	6.81580E-01	6.81580E-01	-2.552000E+00
7.44120E-02	5.15720E-01	6.26990E-01	6.94040E-01	6.94040E-01	-2.552000E+00
2.23200E-01	5.28790E-01	6.39680E-01	7.05030E-01	7.05030E-01	-2.552000E+00
3.71990E-01	5.42390E-01	6.52400E-01	7.17540E-01	7.17540E-01	-2.552000E+00
5.20770E-01	5.56290E-01	6.64800E-01	7.28810E-01	7.28810E-01	-2.552000E+00
6.69560E-01	5.70910E-01	6.77180E-01	7.39300E-01	7.39300E-01	-2.552000E+00
8.18350E-01	5.84810E-01	6.90320E-01	7.50980E-01	7.50980E-01	-2.552000E+00
9.67140E-01	5.98920E-01	7.02780E-01	7.62950E-01	7.62950E-01	-2.552000E+00
1.11590E+00	6.13840E-01	7.15010E-01	7.72760E-01	7.72760E-01	-2.552000E+00
1.26470E+00	6.26410E-01	7.26150E-01	7.82830E-01	7.82830E-01	-2.552000E+00
1.41350E+00	6.36720E-01	7.34710E-01	7.90370E-01	7.90370E-01	-2.552000E+00
1.56230E+00	6.49430E-01	7.46270E-01	7.99620E-01	7.99620E-01	-2.552000E+00
1.71110E+00	6.64000E-01	7.57260E-01	8.08850E-01	8.08850E-01	-2.552000E+00
1.85990E+00	6.76910E-01	7.68280E-01	8.16940E-01	8.16940E-01	-2.552000E+00
2.00860E+00	6.88050E-01	7.77060E-01	8.24280E-01	8.24280E-01	-2.552000E+00
2.15740E+00	6.99370E-01	7.85780E-01	8.34720E-01	8.34720E-01	-2.552000E+00
2.30620E+00	7.10560E-01	7.95440E-01	8.42020E-01	8.42020E-01	-2.552000E+00
2.45500E+00	7.21680E-01	8.03080E-01	8.49490E-01	8.49490E-01	-2.552000E+00
2.60380E+00	7.32360E-01	8.11960E-01	8.55520E-01	8.55520E-01	-2.552000E+00
2.75260E+00	7.42690E-01	8.20610E-01	8.63190E-01	8.63190E-01	-2.552000E+00
2.90140E+00	7.54030E-01	8.28620E-01	8.69730E-01	8.69730E-01	-2.552000E+00
3.05020E+00	7.62750E-01	8.35800E-01	8.74190E-01	8.74190E-01	-2.552000E+00
3.19890E+00	7.73720E-01	8.43880E-01	8.81070E-01	8.81070E-01	-2.552000E+00
3.34770E+00	7.83570E-01	8.51050E-01	8.86690E-01	8.86690E-01	-2.552000E+00
3.49650E+00	7.91860E-01	8.57690E-01	8.93990E-01	8.93990E-01	-2.552000E+00
3.64530E+00	8.01550E-01	8.64460E-01	8.97090E-01	8.97090E-01	-2.552000E+00
3.79410E+00	8.10090E-01	8.70730E-01	9.03080E-01	9.03080E-01	-2.552000E+00
3.94290E+00	8.17390E-01	8.76420E-01	9.06250E-01	9.06250E-01	-2.552000E+00
4.09170E+00	8.25180E-01	8.81410E-01	9.12700E-01	9.12700E-01	-2.552000E+00
4.24050E+00	8.31150E-01	8.85940E-01	9.15830E-01	9.15830E-01	-2.552000E+00
4.38920E+00	8.37880E-01	8.90960E-01	9.18200E-01	9.18200E-01	-2.552000E+00
4.53800E+00	8.46480E-01	8.97320E-01	9.23150E-01	9.23150E-01	-2.552000E+00
4.68680E+00	8.56120E-01	9.03100E-01	9.27300E-01	9.27300E-01	-2.552000E+00
4.83560E+00	8.61170E-01	9.08250E-01	9.30210E-01	9.30210E-01	-2.552000E+00
4.98440E+00	8.67170E-01	9.11390E-01	9.34760E-01	9.34760E-01	-2.552000E+00
5.13320E+00	8.71970E-01	9.14810E-01	9.38550E-01	9.38550E-01	-2.552000E+00
5.28200E+00	8.76930E-01	9.18320E-01	9.41130E-01	9.41130E-01	-2.552000E+00
5.43080E+00	8.81710E-01	9.21970E-01	9.43880E-01	9.43880E-01	-2.552000E+00
5.57950E+00	8.88880E-01	9.26430E-01	9.46170E-01	9.46170E-01	-2.552000E+00
5.72830E+00	8.93090E-01	9.29600E-01	9.49100E-01	9.49100E-01	-2.552000E+00
5.87710E+00	8.97960E-01	9.32840E-01	9.51630E-01	9.51630E-01	-2.552000E+00
6.02590E+00	9.01730E-01	9.35440E-01	9.55040E-01	9.55040E-01	-2.552000E+00
6.17470E+00	9.06160E-01	9.38030E-01	9.56580E-01	9.56580E-01	-2.552000E+00
6.32350E+00	9.10770E-01	9.41670E-01	9.58850E-01	9.58850E-01	-2.552000E+00
6.47230E+00	9.17570E-01	9.46100E-01	9.60350E-01	9.60350E-01	-2.552000E+00
6.62110E+00	9.23030E-01	9.49490E-01	9.64850E-01	9.64850E-01	-2.552000E+00
6.76980E+00	9.25070E-01	9.51570E-01	9.66210E-01	9.66210E-01	-2.552000E+00
6.91860E+00	9.27120E-01	9.52970E-01	9.65420E-01	9.65420E-01	-2.552000E+00
7.06740E+00	9.30750E-01	9.55110E-01	9.68530E-01	9.68530E-01	-2.552000E+00
7.21620E+00	9.34070E-01	9.57120E-01	9.69740E-01	9.69740E-01	-2.552000E+00
7.36500E+00	9.37200E-01	9.59470E-01	9.70710E-01	9.70710E-01	-2.552000E+00
7.51380E+00	9.38420E-01	9.60380E-01	9.72550E-01	9.72550E-01	-2.552000E+00
7.66260E+00	9.41530E-01	9.62610E-01	9.74180E-01	9.74180E-01	-2.552000E+00
7.81140E+00	9.44540E-01	9.64150E-01	9.75400E-01	9.75400E-01	-2.552000E+00
7.96010E+00	9.47460E-01	9.65630E-01	9.75860E-01	9.75860E-01	-2.552000E+00
8.10890E+00	9.50510E-01	9.67780E-01	9.77760E-01	9.77760E-01	-2.552000E+00
8.25770E+00	9.52080E-01	9.68930E-01	9.79980E-01	9.79980E-01	-2.552000E+00
8.40650E+00	9.53560E-01	9.70600E-01	9.81720E-01	9.81720E-01	-2.552000E+00
8.55530E+00	9.58410E-01	9.73070E-01	9.81490E-01	9.81490E-01	-2.552000E+00
8.70410E+00	9.59960E-01	9.73970E-01	9.83230E-01	9.83230E-01	-2.552000E+00
8.85290E+00	9.60310E-01	9.74840E-01	9.84380E-01	9.84380E-01	-2.552000E+00
9.00160E+00	9.62500E-01	9.75740E-01	9.85450E-01	9.85450E-01	-2.552000E+00
9.15040E+00	9.63680E-01	9.77310E-01	9.87710E-01	9.87710E-01	-2.552000E+00
9.29920E+00	9.64230E-01	9.76730E-01	9.87350E-01	9.87350E-01	-2.552000E+00
9.44800E+00	9.66140E-01	9.77910E-01	9.88950E-01	9.88950E-01	-2.552000E+00
9.59680E+00	9.68970E-01	9.80390E-01	9.89400E-01	9.89400E-01	-2.552000E+00
9.74560E+00	9.69750E-01	9.80590E-01	9.89410E-01	9.89410E-01	-2.552000E+00
9.89440E+00	9.72030E-01	9.82040E-01	9.88600E-01	9.88600E-01	-2.552000E+00
1.00430E+01	9.73300E-01	9.82910E-01	9.89430E-01	9.89430E-01	-2.552000E+00
1.01920E+01	9.73800E-01	9.83370E-01	9.89220E-01	9.89220E-01	-2.552000E+00
1.03410E+01	9.74150E-01	9.83240E-01	9.88560E-01	9.88560E-01	-2.552000E+00
1.04900E+01	9.78350E-01	9.86320E-01	9.90230E-01	9.90230E-01	-2.552000E+00
1.06380E+01	9.79300E-01	9.86520E-01	9.90660E-01	9.90660E-01	-2.552000E+00
1.07870E+01	9.80420E-01	9.87470E-01	9.90590E-01	9.90590E-01	-2.552000E+00
1.09360E+01	9.80230E-01	9.87740E-01	9.91030E-01	9.91030E-01	-2.552000E+00
1.10850E+01	9.82470E-01	9.89150E-01	9.90750E-01	9.90750E-01	-2.552000E+00
1.12330E+01	9.82310E-01	9.88940E-01	9.91570E-01	9.91570E-01	-2.552000E+00
1.13820E+01	9.83000E-01	9.89160E-01	9.92020E-01	9.92020E-01	-2.552000E+00
1.15310E+01	9.84170E-01	9.90060E-01	9.93030E-01	9.93030E-01	-2.552000E+00
1.16800E+01	9.83900E-01	9.89640E-01	9.92760E-01	9.92760E-01	-2.552000E+00
1.18290E+01	9.84190E-01	9.90100E-01	9.93880E-01	9.93880E-01	-2.552000E+00
1.19770E+01	9.86620E-01	9.91450E-01	9.94060E-01	9.94060E-01	-2.552000E+00
1.21260E+01	9.87070E-01	9.91880E-01	9.94990E-01	9.94990E-01	-2.552000E+00
1.22750E+01	9.87860E-01	9.92190E-01	9.94260E-01	9.94260E-01	-2.552000E+00
1.24240E+01	9.89680E-01	9.93630E-01	9.95220E-01	9.95220E-01	-2.552000E+00
1.25730E+01	9.90210E-01	9.93680E-01	9.94840E-01	9.94840E-01	-2.552000E+00
1.27210E+01	9.90980E-01	9.94700E-01	9.95860E-01	9.95860E-01	-2.552000E+00
1.28700E+01	9.90200E-01	9.94060E-01	9.94940E-01	9.94930E-01	-2.552000E+00
1.30190E+01	9.92770E-01	9.95070E-01	9.95790E-01	9.95790E-01	-2.552000E+00
1.31680E+01	9.91920E-01	9.95230E-01	9.96790E-01	9.96790E-01	-2.552000E+00
1.33160E+01	9.93700E-01	9.95820E-01	9.94820E-01	9.94820E-01	-2.552000E+00
1.34650E+01	9.92230E-01	9.95070E-01	9.96030E-01	9.96030E-01	-2.552000E+00
1.36140E+01	9.92870E-01	9.95690E-01	9.96160E-01	9.96160E-01	-2.552000E+00
1.37630E+01	9.91910E-01	9.94820E-01	9.98240E-01	9.98240E-01	-2.552000E+00
1.39120E+01	9.92920E-01	9.95790E-01	9.95970E-01	9.95970E-01	-2.552000E+00
1.40600E+01	9.96320E-01	9.98110E-01	9.95920E-01	9.95920E-01	-2.552000E+00
1.42090E+01	9.96360E-01	9.97450E-01	9.96030E-01	9.96030E-01	-2.552000E+00
1.43580E+01	9.95150E-01	9.97180E-01	9.95960E-01	9.95960E-01	-2.552000E+00
1.45070E+01	9.96390E-01	9.97670E-01	9.95680E-01	9.95680E-01	-2.552000E+00
1.46560E+01	9.96460E-01	9.97430E-01	9.95230E-01	9.95230E-01	-2.552000E+00
1.48040E+01	9.95810E-01	9.98190E-01	9.94680E-01	9.94680E-01	-2.552000E+00
1.49530E+01	9.96450E-01	9.97610E-01	9.94770E-01	9.94770E-01	-2.552000E+00
1.51020E+01	9.96700E-01	9.97730E-01	9.94860E-01	9.94860E-01	-2.552000E+00
1.52510E+01	9.95880E-01	9.97540E-01	9.95970E-01	9.95970E-01	-2.552000E+00
1.54000E+01	9.95700E-01	9.97440E-01	9.98930E-01	9.98930E-01	-2.552000E+00
1.55480E+01	9.97080E-01	9.97830E-01	9.98650E-01	9.98650E-01	-2.552000E+00
1.56970E+01	9.96050E-01	9.97260E-01	9.98580E-01	9.98580E-01	-2.552000E+00
1.58460E+01	9.96570E-01	9.97990E-01	9.99380E-01	9.99380E-01	-2.552000E+00
1.59950E+01	9.97670E-01	9.98260E-01	9.99780E-01	9.99780E-01	-2.552000E+00
1.61430E+01	9.99630E-01	9.99630E-01	9.99170E-01	9.99170E-01	-2.552000E+00
1.62920E+01	9.99800E-01	9.99760E-01	9.99550E-01	9.99550E-01	-2.552000E+00
1.64410E+01	9.98200E-01	9.99170E-01	1.00070E+00	1.00070E+00	-2.552000E+00
1.65900E+01	9.98500E-01	9.98940E-01	1.00030E+00	1.00030E+00	-2.552000E+00
1.67390E+01	9.98040E-01	9.98680E-01	9.98520E-01	9.98520E-01	-2.552000E+00
1.68870E+01	9.98930E-01	9.99750E-01	9.99890E-01	9.99890E-01	-2.552000E+00
1.70360E+01	1.00030E+00	1.00000E+00	1.00040E+00	1.00040E+00	-2.552000E+00
1.71850E+01	9.99430E-01	9.99570E-01	1.00020E+00	1.00020E+00	-2.552000E+00
1.73340E+01	9.98030E-01	9.99350E-01	1.00210E+00	1.00210E+00	-2.552000E+00
1.74830E+01	9.97250E-01	9.98400E-01	1.00190E+00	1.00190E+00	-2.552000E+00
1.76310E+01	9.97470E-01	9.98410E-01	1.00110E+00	1.00110E+00	-2.552000E+00
1.77800E+01	9.96580E-01	9.98160E-01	9.99530E-01	9.99530E-01	-2.552000E+00
1.79290E+01	9.97560E-01	9.97970E-01	1.00080E+00	1.00080E+00	-2.552000E+00
1.80780E+01	9.98950E-01	9.99770E-01	1.00000E+00	1.00000E+00	-2.552000E+00
1.82260E+01	1.00150E+00	1.00100E+00	9.99140E-01	9.99140E-01	-2.552000E+00
1.83750E+01	1.00070E+00	1.00060E+00	1.00120E+00	1.00120E+00	-2.552000E+00
1.85240E+01	9.97300E-01	9.98830E-01	1.00210E+00	1.00210E+00	-2.552000E+00
1.86730E+01	1.00070E+00	1.00040E+00	1.00050E+00	1.00050E+00	-2.552000E+00
1.88220E+01	9.99620E-01	9.99770E-01	9.99210E-01	9.99210E-01	-2.552000E+00
1.89700E+01	9.98190E-01	9.99020E-01	9.98080E-01	9.98080E-01	-2.552000E+00
1.91190E+01	9.97870E-01	9.99050E-01	9.97290E-01	9.97290E-01	-2.552000E+00
1.92680E+01	1.00090E+00	1.00060E+00	9.99500E-01	9.99500E-01	-2.552000E+00
1.94170E+01	1.00040E+00	1.00060E+00	9.98620E-01	9.98620E-01	-2.552000E+00
1.95660E+01	1.00180E+00	1.00110E+00	9.99490E-01	9.99490E-01	-2.552000E+00
1.97140E+01	1.00100E+00	1.00040E+00	9.99330E-01	9.99330E-01	-2.552000E+00
1.98630E+01	9.99370E-01	9.99700E-01	9.97910E-01	9.97910E-01	-2.552000E+00
2.00120E+01	1.00160E+00	1.00150E+00	9.99600E-01	9.99600E-01	-2.552000E+00
2.01610E+01	1.00070E+00	1.00080E+00	9.99390E-01	9.99390E-01	-2.552000E+00
2.03100E+01	1.00260E+00	1.00180E+00	1.00040E+00	1.00040E+00	-2.552000E+00
2.04580E+01	1.00220E+00	1.00140E+00	1.00010E+00	1.00010E+00	-2.552000E+00
2.06070E+01	1.00210E+00	1.00150E+00	9.99890E-01	9.99890E-01	-2.552000E+00
2.07560E+01	1.00190E+00	1.00130E+00	1.00080E+00	1.00080E+00	-2.552000E+00
2.09050E+01	1.00390E+00	1.00270E+00	1.00070E+00	1.00070E+00	-2.552000E+00
2.10530E+01	1.00250E+00	1.00160E+00	1.00160E+00	1.00160E+00	-2.552000E+00
2.12020E+01	1.00120E+00	1.00140E+00	1.00210E+00	1.00210E+00	-2.552000E+00
2.13510E+01	9.99780E-01	1.00020E+00	1.00040E+00	1.00040E+00	-2.552000E+00
2.15000E+01	9.99910E-01	9.99780E-01	1.00070E+00	1.00070E+00	-2.552000E+00
2.16490E+01	9.98630E-01	9.99460E-01	9.99710E-01	9.99710E-01	-2.552000E+00
2.17970E+01	9.99010E-01	9.99830E-01	1.00120E+00	1.00120E+00	-2.552000E+00
2.19460E+01	9.98420E-01	9.99300E-01	1.00280E+00	1.00280E+00	-2.552000E+00
2.20950E+01	1.00090E+00	1.00090E+00	9.99290E-01	9.99290E-01	-2.552000E+00
2.22440E+01	1.00010E+00	1.00080E+00	9.99010E-01	9.99010E-01	-2.552000E+00
