-2.22440E+01	-8.47070E-04	4.28530E-05	-6.8987E-04	-6.89810E-04	-1.20540E+00
-2.20950E+01	-5.29740E-05	-1.70830E-04	-5.2453E-04	-5.24470E-04	-1.20540E+00
-2.19460E+01	-1.83530E-04	1.07780E-04	-8.8660E-04	-8.86650E-04	-1.20540E+00
-2.17970E+01	2.55650E-05	-2.96580E-04	-7.0694E-04	-7.06930E-04	-1.20540E+00
-2.16490E+01	3.59180E-04	6.19910E-04	-1.1148E-04	-1.11430E-04	-1.20540E+00
-2.15000E+01	3.14790E-05	2.70480E-04	-3.8505E-04	-3.85030E-04	-1.20540E+00
-2.13510E+01	3.50400E-05	2.58090E-04	-2.5008E-04	-2.50130E-04	-1.20540E+00
-2.12020E+01	-7.52950E-05	-2.27660E-04	-7.3544E-04	-7.35460E-04	-1.20540E+00
-2.10530E+01	-6.48660E-06	6.92640E-05	-8.8296E-04	-8.82970E-04	-1.20540E+00
-2.09050E+01	1.11420E-04	1.69420E-05	-6.5020E-04	-6.50210E-04	-1.20540E+00
-2.07560E+01	5.01120E-05	-3.19750E-05	-5.5704E-04	-5.56990E-04	-1.20540E+00
-2.06070E+01	-3.29420E-05	3.10350E-05	-9.8138E-04	-9.81360E-04	-1.20540E+00
-2.04580E+01	7.21790E-05	-1.25260E-04	-5.2151E-04	-5.21480E-04	-1.20540E+00
-2.03090E+01	-2.25700E-04	-4.88310E-04	-7.4473E-04	-7.44720E-04	-1.20540E+00
-2.01610E+01	5.83160E-05	2.48330E-04	-5.8755E-04	-5.87510E-04	-1.20540E+00
-2.00120E+01	4.28620E-05	-1.50810E-04	1.0420E-05	1.03990E-05	-1.20540E+00
-1.98630E+01	1.53450E-04	7.20060E-04	3.4399E-05	3.43930E-05	-1.20540E+00
-1.97140E+01	5.04940E-04	7.43380E-04	5.4235E-04	5.42320E-04	-1.20540E+00
-1.95660E+01	3.41500E-05	1.93360E-04	-1.0367E-03	-1.03670E-03	-1.20540E+00
-1.94170E+01	5.15750E-05	2.94250E-04	-2.8775E-04	-2.87710E-04	-1.20540E+00
-1.92680E+01	5.49900E-04	3.62070E-04	-1.2190E-04	-1.21930E-04	-1.20540E+00
-1.91190E+01	4.77210E-04	1.29650E-03	2.7369E-05	2.73720E-05	-1.20540E+00
-1.89700E+01	4.62840E-04	1.04220E-03	5.9295E-04	5.92950E-04	-1.20540E+00
-1.88220E+01	2.89230E-04	5.85180E-04	-1.8104E-04	-1.81020E-04	-1.20540E+00
-1.86730E+01	1.63440E-04	5.69340E-04	-4.8410E-04	-4.84160E-04	-1.20540E+00
-1.85240E+01	2.11510E-04	2.32350E-04	-2.5988E-04	-2.59920E-04	-1.20540E+00
-1.83750E+01	1.76980E-04	3.26200E-04	-4.3903E-04	-4.38970E-04	-1.20540E+00
-1.82260E+01	3.59430E-04	5.99030E-04	-4.6426E-04	-4.64260E-04	-1.20540E+00
-1.80780E+01	2.30660E-04	2.70350E-04	-8.5282E-04	-8.52830E-04	-1.20540E+00
-1.79290E+01	1.04420E-04	1.72780E-04	-9.2451E-04	-9.24490E-04	-1.20540E+00
-1.77800E+01	-7.85390E-05	9.46000E-05	-7.0318E-04	-7.03190E-04	-1.20540E+00
-1.76310E+01	-2.15270E-04	-5.89380E-05	-1.5918E-03	-1.59180E-03	-1.20540E+00
-1.74830E+01	3.30750E-04	1.21350E-04	-1.0512E-03	-1.05120E-03	-1.20540E+00
-1.73340E+01	-3.24970E-05	6.61600E-05	-1.2027E-03	-1.20270E-03	-1.20540E+00
-1.71850E+01	1.28650E-04	4.93930E-05	-9.6971E-04	-9.69740E-04	-1.20540E+00
-1.70360E+01	1.08300E-04	7.18880E-04	-5.8215E-04	-5.82150E-04	-1.20540E+00
-1.68870E+01	2.91130E-04	3.66110E-04	-6.4116E-04	-6.41140E-04	-1.20540E+00
-1.67390E+01	2.16920E-04	5.83730E-04	-2.4067E-04	-2.40610E-04	-1.20540E+00
-1.65900E+01	-6.23220E-06	-1.18440E-04	-7.5427E-04	-7.54310E-04	-1.20540E+00
-1.64410E+01	3.47990E-04	6.68320E-04	-4.6213E-04	-4.62170E-04	-1.20540E+00
-1.62920E+01	-8.28630E-05	2.79800E-04	-5.6834E-04	-5.68300E-04	-1.20540E+00
-1.61430E+01	3.01120E-04	4.99560E-04	-6.8497E-04	-6.85020E-04	-1.20540E+00
-1.59950E+01	3.28080E-04	6.49260E-04	-5.8880E-04	-5.88850E-04	-1.20540E+00
-1.58460E+01	2.77780E-04	4.85800E-04	-5.4737E-05	-5.47150E-05	-1.20540E+00
-1.56970E+01	1.39460E-04	3.10230E-04	-9.1698E-04	-9.17000E-04	-1.20540E+00
-1.55480E+01	2.80200E-04	1.83820E-04	-3.8505E-04	-3.84990E-04	-1.20540E+00
-1.53990E+01	6.86820E-05	4.29380E-04	-2.5724E-04	-2.57230E-04	-1.20540E+00
-1.52510E+01	6.67610E-04	8.31870E-04	2.2071E-04	2.20740E-04	-1.20540E+00
-1.51020E+01	6.22010E-04	1.54370E-03	8.7291E-04	8.72900E-04	-1.20540E+00
-1.49530E+01	6.10060E-04	1.14910E-03	6.3952E-04	6.39480E-04	-1.20540E+00
-1.48040E+01	5.02200E-04	1.29850E-03	3.8065E-04	3.80690E-04	-1.20540E+00
-1.46560E+01	4.15210E-04	6.85970E-04	2.2422E-04	2.24240E-04	-1.20540E+00
-1.45070E+01	3.23820E-04	8.62960E-04	2.1468E-04	2.14670E-04	-1.20540E+00
-1.43580E+01	4.85990E-04	1.08760E-03	4.0463E-04	4.04610E-04	-1.20540E+00
-1.42090E+01	2.45350E-04	4.19560E-04	6.4153E-05	6.41470E-05	-1.20540E+00
-1.40600E+01	4.13300E-04	1.20690E-03	5.8127E-05	5.81360E-05	-1.20540E+00
-1.39120E+01	6.26470E-04	1.42900E-03	8.6839E-04	8.68390E-04	-1.20540E+00
-1.37630E+01	7.34700E-04	1.09100E-03	8.8157E-04	8.81620E-04	-1.20540E+00
-1.36140E+01	6.02490E-04	1.58070E-03	1.0936E-03	1.09360E-03	-1.20540E+00
-1.34650E+01	5.63570E-04	9.68760E-04	5.6909E-04	5.69140E-04	-1.20540E+00
-1.33160E+01	5.03860E-04	1.02880E-03	1.1550E-03	1.15500E-03	-1.20540E+00
-1.31680E+01	5.55050E-04	1.64980E-03	1.2586E-03	1.25850E-03	-1.20540E+00
-1.30190E+01	8.71180E-04	1.82260E-03	1.4696E-03	1.46960E-03	-1.20540E+00
-1.28700E+01	9.84120E-04	1.58790E-03	1.1580E-03	1.15800E-03	-1.20540E+00
-1.27210E+01	6.35110E-04	1.40970E-03	1.1074E-03	1.10740E-03	-1.20540E+00
-1.25730E+01	9.47740E-04	1.98930E-03	1.6976E-03	1.69760E-03	-1.20540E+00
-1.24240E+01	1.14490E-03	2.60270E-03	2.3627E-03	2.36280E-03	-1.20540E+00
-1.22750E+01	1.37540E-03	2.46270E-03	2.3496E-03	2.34950E-03	-1.20540E+00
-1.21260E+01	8.96740E-04	1.84750E-03	1.5193E-03	1.51930E-03	-1.20540E+00
-1.19770E+01	1.06250E-03	2.67740E-03	2.5334E-03	2.53340E-03	-1.20540E+00
-1.18290E+01	1.60140E-03	3.13670E-03	2.8217E-03	2.82180E-03	-1.20540E+00
-1.16800E+01	1.55800E-03	3.20580E-03	3.1483E-03	3.14830E-03	-1.20540E+00
-1.15310E+01	1.50250E-03	2.82470E-03	2.8019E-03	2.80190E-03	-1.20540E+00
-1.13820E+01	1.24660E-03	2.61720E-03	2.7690E-03	2.76910E-03	-1.20540E+00
-1.12330E+01	1.47500E-03	2.72690E-03	3.1715E-03	3.17150E-03	-1.20540E+00
-1.10850E+01	1.39200E-03	3.29470E-03	3.6925E-03	3.69260E-03	-1.20540E+00
-1.09360E+01	1.97630E-03	3.86870E-03	4.9973E-03	4.99720E-03	-1.20540E+00
-1.07870E+01	2.41240E-03	5.09690E-03	6.1346E-03	6.13460E-03	-1.20540E+00
-1.06380E+01	2.34780E-03	4.75280E-03	5.9680E-03	5.96800E-03	-1.20540E+00
-1.04890E+01	2.08330E-03	4.97870E-03	5.8825E-03	5.88250E-03	-1.20540E+00
-1.03410E+01	2.44550E-03	4.73690E-03	6.0136E-03	6.01350E-03	-1.20540E+00
-1.01920E+01	2.65760E-03	5.33280E-03	6.7271E-03	6.72710E-03	-1.20540E+00
-1.00430E+01	2.85860E-03	6.31490E-03	7.6179E-03	7.61790E-03	-1.20540E+00
-9.89430E+00	3.29280E-03	6.16010E-03	8.8470E-03	8.84700E-03	-1.20540E+00
-9.74560E+00	3.19570E-03	6.79890E-03	9.0015E-03	9.00160E-03	-1.20540E+00
-9.59680E+00	3.63230E-03	8.03020E-03	1.0483E-02	1.04830E-02	-1.20540E+00
-9.44800E+00	4.30440E-03	8.28980E-03	1.1484E-02	1.14840E-02	-1.20540E+00
-9.29920E+00	4.24940E-03	8.69480E-03	1.1891E-02	1.18910E-02	-1.20540E+00
-9.15040E+00	4.55540E-03	9.87990E-03	1.3053E-02	1.30530E-02	-1.20540E+00
-9.00160E+00	4.78780E-03	9.72210E-03	1.3833E-02	1.38330E-02	-1.20540E+00
-8.85280E+00	5.42710E-03	1.15950E-02	1.5749E-02	1.57490E-02	-1.20540E+00
-8.70400E+00	5.99970E-03	1.19830E-02	1.7294E-02	1.72940E-02	-1.20540E+00
-8.55530E+00	6.40620E-03	1.32020E-02	1.8658E-02	1.86580E-02	-1.20540E+00
-8.40650E+00	6.81600E-03	1.46380E-02	2.0591E-02	2.05910E-02	-1.20540E+00
-8.25770E+00	7.66110E-03	1.59200E-02	2.2529E-02	2.25290E-02	-1.20540E+00
-8.10890E+00	8.32210E-03	1.69500E-02	2.4281E-02	2.42810E-02	-1.20540E+00
-7.96010E+00	8.84090E-03	1.80440E-02	2.6088E-02	2.60880E-02	-1.20540E+00
-7.81130E+00	9.13140E-03	1.90530E-02	2.8144E-02	2.81440E-02	-1.20540E+00
-7.66250E+00	1.06490E-02	2.17420E-02	3.1296E-02	3.12960E-02	-1.20540E+00
-7.51370E+00	1.12110E-02	2.31300E-02	3.3689E-02	3.36890E-02	-1.20540E+00
-7.36500E+00	1.23090E-02	2.53420E-02	3.6905E-02	3.69050E-02	-1.20540E+00
-7.21620E+00	1.28740E-02	2.66650E-02	3.9240E-02	3.92400E-02	-1.20540E+00
-7.06740E+00	1.40680E-02	2.86830E-02	4.2815E-02	4.28150E-02	-1.20540E+00
-6.91860E+00	1.56090E-02	3.21100E-02	4.7363E-02	4.73630E-02	-1.20540E+00
-6.76980E+00	1.69680E-02	3.46180E-02	5.1442E-02	5.14420E-02	-1.20540E+00
-6.62100E+00	1.85430E-02	3.77160E-02	5.5862E-02	5.58620E-02	-1.20540E+00
-6.47220E+00	1.98900E-02	4.04070E-02	6.0452E-02	6.04520E-02	-1.20540E+00
-6.32340E+00	2.17930E-02	4.44070E-02	6.5820E-02	6.58200E-02	-1.20540E+00
-6.17470E+00	2.35000E-02	4.75990E-02	7.0841E-02	7.08410E-02	-1.20540E+00
-6.02590E+00	2.59900E-02	5.25220E-02	7.7906E-02	7.79060E-02	-1.20540E+00
-5.87710E+00	2.81990E-02	5.68040E-02	8.4292E-02	8.42920E-02	-1.20540E+00
-5.72830E+00	3.05760E-02	6.15860E-02	9.1118E-02	9.11180E-02	-1.20540E+00
-5.57950E+00	3.36830E-02	6.71920E-02	9.9166E-02	9.91660E-02	-1.20540E+00
-5.43070E+00	3.61580E-02	7.30020E-02	1.0731E-01	1.07310E-01	-1.20540E+00
-5.28190E+00	3.97550E-02	7.88620E-02	1.1634E-01	1.16340E-01	-1.20540E+00
-5.13310E+00	4.33870E-02	8.61680E-02	1.2673E-01	1.26730E-01	-1.20540E+00
-4.98440E+00	4.75970E-02	9.47300E-02	1.3773E-01	1.37730E-01	-1.20540E+00
-4.83560E+00	5.16960E-02	1.01350E-01	1.4919E-01	1.49190E-01	-1.20540E+00
-4.68680E+00	5.62170E-02	1.10270E-01	1.6047E-01	1.60470E-01	-1.20540E+00
-4.53800E+00	6.13720E-02	1.19440E-01	1.7301E-01	1.73010E-01	-1.20540E+00
-4.38920E+00	6.64750E-02	1.28510E-01	1.8584E-01	1.85840E-01	-1.20540E+00
-4.24040E+00	7.19840E-02	1.38840E-01	2.0066E-01	2.00660E-01	-1.20540E+00
-4.09160E+00	7.77570E-02	1.49490E-01	2.1533E-01	2.15330E-01	-1.20540E+00
-3.94280E+00	8.46640E-02	1.61060E-01	2.3077E-01	2.30770E-01	-1.20540E+00
-3.79410E+00	9.18280E-02	1.73260E-01	2.4708E-01	2.47080E-01	-1.20540E+00
-3.64530E+00	9.97500E-02	1.87040E-01	2.6526E-01	2.65260E-01	-1.20540E+00
-3.49650E+00	1.08230E-01	2.01660E-01	2.8378E-01	2.83780E-01	-1.20540E+00
-3.34770E+00	1.17510E-01	2.16570E-01	3.0231E-01	3.02310E-01	-1.20540E+00
-3.19890E+00	1.26890E-01	2.31840E-01	3.2248E-01	3.22480E-01	-1.20540E+00
-3.05010E+00	1.36900E-01	2.47870E-01	3.4255E-01	3.42550E-01	-1.20540E+00
-2.90130E+00	1.48260E-01	2.65270E-01	3.6432E-01	3.64320E-01	-1.20540E+00
-2.75250E+00	1.59950E-01	2.83520E-01	3.8657E-01	3.86570E-01	-1.20540E+00
-2.60380E+00	1.72510E-01	3.02500E-01	4.0939E-01	4.09390E-01	-1.20540E+00
-2.45500E+00	1.85840E-01	3.21090E-01	4.3125E-01	4.31250E-01	-1.20540E+00
-2.30620E+00	1.99440E-01	3.41240E-01	4.5469E-01	4.54690E-01	-1.20540E+00
-2.15740E+00	2.14210E-01	3.61560E-01	4.7848E-01	4.78480E-01	-1.20540E+00
-2.00860E+00	2.29970E-01	3.82760E-01	5.0223E-01	5.02230E-01	-1.20540E+00
-1.85980E+00	2.46930E-01	4.05030E-01	5.2535E-01	5.25350E-01	-1.20540E+00
-1.71100E+00	2.63860E-01	4.27080E-01	5.4991E-01	5.49910E-01	-1.20540E+00
-1.56220E+00	2.83010E-01	4.50410E-01	5.7396E-01	5.73960E-01	-1.20540E+00
-1.41350E+00	3.01850E-01	4.73020E-01	5.9745E-01	5.97450E-01	-1.20540E+00
-1.26470E+00	3.20920E-01	4.95430E-01	6.1949E-01	6.19490E-01	-1.20540E+00
-1.11590E+00	3.41090E-01	5.18210E-01	6.4162E-01	6.41620E-01	-1.20540E+00
-9.67100E-01	3.61370E-01	5.40040E-01	6.6367E-01	6.63670E-01	-1.20540E+00
-8.18310E-01	3.82910E-01	5.62640E-01	6.8475E-01	6.84750E-01	-1.20540E+00
-6.69530E-01	4.04040E-01	5.84690E-01	7.0393E-01	7.03930E-01	-1.20540E+00
-5.20740E-01	4.25670E-01	6.06250E-01	7.2385E-01	7.23850E-01	-1.20540E+00
-3.71950E-01	4.49160E-01	6.28710E-01	7.4259E-01	7.42590E-01	-1.20540E+00
-2.23160E-01	4.71330E-01	6.48900E-01	7.6050E-01	7.60500E-01	-1.20540E+00
-7.43750E-02	4.93360E-01	6.68910E-01	7.7684E-01	7.76840E-01	-1.20540E+00
7.44120E-02	5.15530E-01	6.88430E-01	7.9335E-01	7.93350E-01	-1.20540E+00
2.23200E-01	5.37530E-01	7.07240E-01	8.0862E-01	8.08620E-01	-1.20540E+00
3.71990E-01	5.60320E-01	7.25740E-01	8.2375E-01	8.23750E-01	-1.20540E+00
5.20770E-01	5.82220E-01	7.42930E-01	8.3740E-01	8.37400E-01	-1.20540E+00
6.69560E-01	6.04350E-01	7.60420E-01	8.5006E-01	8.50060E-01	-1.20540E+00
8.18350E-01	6.26650E-01	7.76960E-01	8.6149E-01	8.61490E-01	-1.20540E+00
9.67140E-01	6.47750E-01	7.92550E-01	8.7195E-01	8.71950E-01	-1.20540E+00
1.11590E+00	6.68220E-01	8.06970E-01	8.8205E-01	8.82050E-01	-1.20540E+00
1.26470E+00	6.87530E-01	8.19990E-01	8.9042E-01	8.90420E-01	-1.20540E+00
1.41350E+00	7.05940E-01	8.32960E-01	8.9938E-01	8.99380E-01	-1.20540E+00
1.56230E+00	7.22940E-01	8.43970E-01	9.0782E-01	9.07820E-01	-1.20540E+00
1.71110E+00	7.40510E-01	8.55470E-01	9.1438E-01	9.14380E-01	-1.20540E+00
1.85990E+00	7.56620E-01	8.65610E-01	9.2175E-01	9.21750E-01	-1.20540E+00
2.00860E+00	7.72120E-01	8.75600E-01	9.2786E-01	9.27860E-01	-1.20540E+00
2.15740E+00	7.87450E-01	8.84850E-01	9.3359E-01	9.33590E-01	-1.20540E+00
2.30620E+00	8.00930E-01	8.92960E-01	9.3953E-01	9.39530E-01	-1.20540E+00
2.45500E+00	8.13980E-01	9.00850E-01	9.4495E-01	9.44950E-01	-1.20540E+00
2.60380E+00	8.27530E-01	9.08510E-01	9.5085E-01	9.50850E-01	-1.20540E+00
2.75260E+00	8.39060E-01	9.15430E-01	9.5431E-01	9.54310E-01	-1.20540E+00
2.90140E+00	8.50170E-01	9.21380E-01	9.5841E-01	9.58410E-01	-1.20540E+00
3.05020E+00	8.61200E-01	9.27800E-01	9.6164E-01	9.61640E-01	-1.20540E+00
3.19890E+00	8.70440E-01	9.33040E-01	9.6457E-01	9.64570E-01	-1.20540E+00
3.34770E+00	8.80300E-01	9.38440E-01	9.6649E-01	9.66490E-01	-1.20540E+00
3.49650E+00	8.91350E-01	9.44320E-01	9.7060E-01	9.70600E-01	-1.20540E+00
3.64530E+00	8.98190E-01	9.48170E-01	9.7289E-01	9.72890E-01	-1.20540E+00
3.79410E+00	9.05260E-01	9.52000E-01	9.7484E-01	9.74840E-01	-1.20540E+00
3.94290E+00	9.11780E-01	9.55420E-01	9.7677E-01	9.76770E-01	-1.20540E+00
4.09170E+00	9.18920E-01	9.59140E-01	9.7904E-01	9.79040E-01	-1.20540E+00
4.24050E+00	9.24360E-01	9.62160E-01	9.8210E-01	9.82100E-01	-1.20540E+00
4.38920E+00	9.29230E-01	9.64550E-01	9.8310E-01	9.83100E-01	-1.20540E+00
4.53800E+00	9.35140E-01	9.67500E-01	9.8420E-01	9.84200E-01	-1.20540E+00
4.68680E+00	9.40380E-01	9.70200E-01	9.8565E-01	9.85650E-01	-1.20540E+00
4.83560E+00	9.44480E-01	9.72520E-01	9.8730E-01	9.87300E-01	-1.20540E+00
4.98440E+00	9.48790E-01	9.74490E-01	9.8940E-01	9.89400E-01	-1.20540E+00
5.13320E+00	9.52840E-01	9.76650E-01	9.8938E-01	9.89380E-01	-1.20540E+00
5.28200E+00	9.58220E-01	9.79160E-01	9.9047E-01	9.90470E-01	-1.20540E+00
5.43080E+00	9.61500E-01	9.81040E-01	9.9037E-01	9.90370E-01	-1.20540E+00
5.57950E+00	9.63780E-01	9.82130E-01	9.9110E-01	9.91100E-01	-1.20540E+00
5.72830E+00	9.65590E-01	9.82960E-01	9.9123E-01	9.91230E-01	-1.20540E+00
5.87710E+00	9.67660E-01	9.83940E-01	9.9188E-01	9.91880E-01	-1.20540E+00
6.02590E+00	9.71100E-01	9.85940E-01	9.9281E-01	9.92810E-01	-1.20540E+00
6.17470E+00	9.73760E-01	9.87020E-01	9.9369E-01	9.93690E-01	-1.20540E+00
6.32350E+00	9.74570E-01	9.87410E-01	9.9419E-01	9.94190E-01	-1.20540E+00
6.47230E+00	9.77470E-01	9.88830E-01	9.9386E-01	9.93860E-01	-1.20540E+00
6.62110E+00	9.79910E-01	9.90190E-01	9.9329E-01	9.93290E-01	-1.20540E+00
6.76980E+00	9.81150E-01	9.90560E-01	9.9447E-01	9.94470E-01	-1.20540E+00
6.91860E+00	9.81150E-01	9.90790E-01	9.9484E-01	9.94840E-01	-1.20540E+00
7.06740E+00	9.82990E-01	9.91840E-01	9.9446E-01	9.94470E-01	-1.20540E+00
7.21620E+00	9.85570E-01	9.92820E-01	9.9548E-01	9.95480E-01	-1.20540E+00
7.36500E+00	9.86450E-01	9.93010E-01	9.9630E-01	9.96300E-01	-1.20540E+00
7.51380E+00	9.87270E-01	9.93820E-01	9.9611E-01	9.96110E-01	-1.20540E+00
7.66260E+00	9.88560E-01	9.94180E-01	9.9640E-01	9.96400E-01	-1.20540E+00
7.81140E+00	9.89350E-01	9.94720E-01	9.9697E-01	9.96970E-01	-1.20540E+00
7.96010E+00	9.90360E-01	9.95130E-01	9.9734E-01	9.97340E-01	-1.20540E+00
8.10890E+00	9.91290E-01	9.95670E-01	9.9857E-01	9.98570E-01	-1.20540E+00
8.25770E+00	9.90990E-01	9.95510E-01	9.9759E-01	9.97590E-01	-1.20540E+00
8.40650E+00	9.89940E-01	9.95000E-01	9.9700E-01	9.97000E-01	-1.20540E+00
8.55530E+00	9.90780E-01	9.95250E-01	9.9812E-01	9.98120E-01	-1.20540E+00
8.70410E+00	9.92670E-01	9.96460E-01	9.9796E-01	9.97960E-01	-1.20540E+00
8.85290E+00	9.92420E-01	9.96170E-01	9.9869E-01	9.98690E-01	-1.20540E+00
9.00160E+00	9.93000E-01	9.96340E-01	9.9868E-01	9.98680E-01	-1.20540E+00
9.15040E+00	9.93700E-01	9.96930E-01	9.9794E-01	9.97940E-01	-1.20540E+00
9.29920E+00	9.93710E-01	9.96840E-01	9.9911E-01	9.99110E-01	-1.20540E+00
9.44800E+00	9.93640E-01	9.96460E-01	9.9912E-01	9.99120E-01	-1.20540E+00
9.59680E+00	9.94730E-01	9.97490E-01	9.9900E-01	9.99000E-01	-1.20540E+00
9.74560E+00	9.95870E-01	9.98000E-01	9.9891E-01	9.98910E-01	-1.20540E+00
9.89440E+00	9.97000E-01	9.98190E-01	9.9836E-01	9.98360E-01	-1.20540E+00
1.00430E+01	9.96700E-01	9.98190E-01	9.9779E-01	9.97790E-01	-1.20540E+00
1.01920E+01	9.96730E-01	9.98330E-01	9.9818E-01	9.98180E-01	-1.20540E+00
1.03410E+01	9.97860E-01	9.98940E-01	9.9858E-01	9.98580E-01	-1.20540E+00
1.04900E+01	9.97670E-01	9.98680E-01	9.9782E-01	9.97820E-01	-1.20540E+00
1.06380E+01	9.97760E-01	9.98470E-01	9.9873E-01	9.98730E-01	-1.20540E+00
1.07870E+01	9.97400E-01	9.98580E-01	9.9869E-01	9.98690E-01	-1.20540E+00
1.09360E+01	9.98140E-01	9.98960E-01	9.9865E-01	9.98650E-01	-1.20540E+00
1.10850E+01	9.98570E-01	9.99230E-01	9.9849E-01	9.98490E-01	-1.20540E+00
1.12330E+01	9.98270E-01	9.98990E-01	9.9853E-01	9.98530E-01	-1.20540E+00
1.13820E+01	9.97230E-01	9.98470E-01	9.9862E-01	9.98620E-01	-1.20540E+00
1.15310E+01	9.96990E-01	9.98380E-01	9.9874E-01	9.98740E-01	-1.20540E+00
1.16800E+01	9.98050E-01	9.98720E-01	9.9891E-01	9.98910E-01	-1.20540E+00
1.18290E+01	9.98090E-01	9.99070E-01	9.9894E-01	9.98940E-01	-1.20540E+00
1.19770E+01	9.97640E-01	9.98830E-01	9.9953E-01	9.99530E-01	-1.20540E+00
1.21260E+01	9.98380E-01	9.98930E-01	9.9955E-01	9.99550E-01	-1.20540E+00
1.22750E+01	9.98690E-01	9.99310E-01	1.0000E+00	1.00000E+00	-1.20540E+00
1.24240E+01	9.98850E-01	9.99310E-01	9.9890E-01	9.98900E-01	-1.20540E+00
1.25730E+01	9.98800E-01	9.99260E-01	9.9829E-01	9.98290E-01	-1.20540E+00
1.27210E+01	9.99590E-01	9.99540E-01	9.9906E-01	9.99060E-01	-1.20540E+00
1.28700E+01	9.99110E-01	9.99630E-01	9.9865E-01	9.98650E-01	-1.20540E+00
1.30190E+01	1.00010E+00	9.99710E-01	9.9795E-01	9.97950E-01	-1.20540E+00
1.31680E+01	1.00040E+00	1.00010E+00	9.9846E-01	9.98460E-01	-1.20540E+00
1.33160E+01	9.99860E-01	9.99770E-01	9.9845E-01	9.98450E-01	-1.20540E+00
1.34650E+01	9.99380E-01	9.99430E-01	9.9819E-01	9.98190E-01	-1.20540E+00
1.36140E+01	9.99500E-01	9.99570E-01	9.9889E-01	9.98890E-01	-1.20540E+00
1.37630E+01	9.98760E-01	9.99370E-01	9.9848E-01	9.98480E-01	-1.20540E+00
1.39120E+01	9.98280E-01	9.99120E-01	9.9871E-01	9.98710E-01	-1.20540E+00
1.40600E+01	9.99510E-01	9.99470E-01	9.9911E-01	9.99110E-01	-1.20540E+00
1.42090E+01	9.99020E-01	9.99310E-01	9.9899E-01	9.98990E-01	-1.20540E+00
1.43580E+01	1.00030E+00	9.99980E-01	9.9813E-01	9.98130E-01	-1.20540E+00
1.45070E+01	1.00030E+00	1.00000E+00	9.9867E-01	9.98670E-01	-1.20540E+00
1.46560E+01	1.00010E+00	9.99970E-01	9.9870E-01	9.98700E-01	-1.20540E+00
1.48040E+01	9.99780E-01	9.99640E-01	9.9948E-01	9.99480E-01	-1.20540E+00
1.49530E+01	9.99610E-01	9.99440E-01	9.9844E-01	9.98440E-01	-1.20540E+00
1.51020E+01	9.98560E-01	9.99300E-01	9.9916E-01	9.99160E-01	-1.20540E+00
1.52510E+01	9.99160E-01	9.99280E-01	9.9989E-01	9.99890E-01	-1.20540E+00
1.54000E+01	9.99670E-01	9.99820E-01	9.9976E-01	9.99760E-01	-1.20540E+00
1.55480E+01	9.99780E-01	9.99700E-01	9.9969E-01	9.99690E-01	-1.20540E+00
1.56970E+01	9.99390E-01	9.99870E-01	9.9966E-01	9.99660E-01	-1.20540E+00
1.58460E+01	9.99510E-01	9.99310E-01	1.0001E+00	1.00010E+00	-1.20540E+00
1.59950E+01	9.99120E-01	9.99470E-01	1.0002E+00	1.00020E+00	-1.20540E+00
1.61430E+01	9.99110E-01	9.99540E-01	1.0001E+00	1.00010E+00	-1.20540E+00
1.62920E+01	1.00010E+00	9.99920E-01	9.9902E-01	9.99020E-01	-1.20540E+00
1.64410E+01	9.99420E-01	9.99710E-01	9.9965E-01	9.99650E-01	-1.20540E+00
1.65900E+01	9.98690E-01	9.99050E-01	9.9798E-01	9.97980E-01	-1.20540E+00
1.67390E+01	9.99270E-01	9.99290E-01	9.9836E-01	9.98360E-01	-1.20540E+00
1.68870E+01	9.99190E-01	9.99620E-01	9.9857E-01	9.98570E-01	-1.20540E+00
1.70360E+01	9.99690E-01	9.99590E-01	9.9961E-01	9.99610E-01	-1.20540E+00
1.71850E+01	1.00080E+00	1.00030E+00	9.9841E-01	9.98410E-01	-1.20540E+00
1.73340E+01	1.00030E+00	1.00040E+00	9.9822E-01	9.98220E-01	-1.20540E+00
1.74830E+01	1.00100E+00	1.00040E+00	9.9741E-01	9.97410E-01	-1.20540E+00
1.76310E+01	1.00100E+00	1.00000E+00	9.9780E-01	9.97800E-01	-1.20540E+00
1.77800E+01	1.00080E+00	1.00030E+00	9.9917E-01	9.99170E-01	-1.20540E+00
1.79290E+01	9.99720E-01	1.00000E+00	9.9921E-01	9.99210E-01	-1.20540E+00
1.80780E+01	9.99810E-01	9.99670E-01	9.9911E-01	9.99110E-01	-1.20540E+00
1.82260E+01	9.99980E-01	9.99940E-01	9.9918E-01	9.99180E-01	-1.20540E+00
1.83750E+01	9.99490E-01	9.99450E-01	9.9880E-01	9.98800E-01	-1.20540E+00
1.85240E+01	1.00070E+00	1.00020E+00	9.9860E-01	9.98600E-01	-1.20540E+00
1.86730E+01	1.00070E+00	1.00040E+00	9.9878E-01	9.98780E-01	-1.20540E+00
1.88220E+01	1.00160E+00	1.00080E+00	9.9959E-01	9.99590E-01	-1.20540E+00
1.89700E+01	1.00110E+00	1.00020E+00	9.9896E-01	9.98960E-01	-1.20540E+00
1.91190E+01	1.00040E+00	1.00010E+00	9.9901E-01	9.99010E-01	-1.20540E+00
1.92680E+01	1.00090E+00	1.00040E+00	9.9907E-01	9.99070E-01	-1.20540E+00
1.94170E+01	9.99740E-01	9.99900E-01	9.9940E-01	9.99400E-01	-1.20540E+00
1.95660E+01	1.00010E+00	9.99730E-01	9.9911E-01	9.99110E-01	-1.20540E+00
1.97140E+01	9.99720E-01	9.99750E-01	9.9867E-01	9.98670E-01	-1.20540E+00
1.98630E+01	9.99680E-01	9.99610E-01	9.9857E-01	9.98570E-01	-1.20540E+00
2.00120E+01	1.00090E+00	1.00040E+00	9.9845E-01	9.98450E-01	-1.20540E+00
2.01610E+01	1.00130E+00	1.00050E+00	9.9807E-01	9.98070E-01	-1.20540E+00
2.03100E+01	1.00140E+00	1.00040E+00	9.9859E-01	9.98590E-01	-1.20540E+00
2.04580E+01	1.00030E+00	1.00010E+00	9.9835E-01	9.98350E-01	-1.20540E+00
2.06070E+01	1.00050E+00	1.00020E+00	9.9773E-01	9.97730E-01	-1.20540E+00
2.07560E+01	1.00100E+00	1.00020E+00	9.9810E-01	9.98100E-01	-1.20540E+00
2.09050E+01	1.00150E+00	1.00060E+00	9.9816E-01	9.98160E-01	-1.20540E+00
2.10530E+01	1.00030E+00	1.00010E+00	9.9838E-01	9.98380E-01	-1.20540E+00
2.12020E+01	1.00070E+00	1.00010E+00	9.9895E-01	9.98950E-01	-1.20540E+00
2.13510E+01	1.00070E+00	1.00020E+00	9.9805E-01	9.98050E-01	-1.20540E+00
2.15000E+01	1.00070E+00	1.00010E+00	9.9839E-01	9.98390E-01	-1.20540E+00
2.16490E+01	9.99410E-01	9.99690E-01	9.9929E-01	9.99290E-01	-1.20540E+00
2.17970E+01	9.98740E-01	9.99350E-01	9.9894E-01	9.98940E-01	-1.20540E+00
2.19460E+01	9.99770E-01	9.99630E-01	9.9926E-01	9.99260E-01	-1.20540E+00
2.20950E+01	1.00080E+00	1.00060E+00	9.9926E-01	9.99260E-01	-1.20540E+00
2.22440E+01	1.00080E+00	1.00050E+00	9.9912E-01	9.99120E-01	-1.20540E+00
