281.6837439
279.9729794
278.7460947
278.0573739
277.773069
277.5800362
277.4488105
277.2390847
277.0378034
276.8527825
276.7184259
276.5936105
276.4675323
276.3313868
276.2387748
276.112848
276.0736546
276.006042
275.9824954
275.8427523
275.7226238
275.6479451
275.6968985
275.6719744
275.5779213
275.3469739
275.3023593
275.2622645
275.3580491
275.2837127
275.2737852
275.1572632
275.0974203
274.9535015
274.8875738
274.8455051
274.8341715
274.7939605
274.7415981
274.7121467
274.6945423
274.6338672
274.5912577
274.5345945
274.558662
274.5656629
274.5947423
274.5278877
274.4380859
274.4033
274.4284379
274.4754646
274.4244644
274.3802578
274.3368321
274.3020349
274.2694384
274.2719618
274.3103131
274.3773406
274.3396235
274.2860574
274.1666602
274.1447783
274.1561075
274.2246889
274.3047239
274.3001036
274.2576258
274.1187959
274.0894085
274.0462393
274.0785731
274.0708086
274.1145188
274.1219787
274.116255
274.0531282
273.9777163
273.9149535
273.9124881
273.9572688
273.9780751
273.9726713
273.9885224
274.0044218
274.0058308
273.9072092
273.8766705
273.8469994
273.9246729
273.9188865
273.9347968
273.9027289
273.9152926
273.9074047
273.9069033
273.8684287
273.8225353
273.8041792
273.8435598
273.9510636
273.9835764
274.0395599
274.0122329
274.0500254
273.9818074
273.9751843
273.9379945
273.9490452
273.8922316
273.8600634
273.8425028
273.8676797
273.8535494
273.8343477
273.7878751
273.7917214
273.8031699
273.8801394
273.9144232
273.9445429
273.9672325
274.0224961
274.034766
273.9877916
273.9315092
273.9176523
273.9222735
273.9581902
273.9852266
274.0158888
273.9846973
273.986548
274.0008662
274.0539258
274.0244219
274.0251263
274.032726
274.1656203
274.2721714
274.3475284
274.3761567
274.3684629
274.376681
274.3364542
274.3201404
274.2863364
274.3150123
274.3692239
274.4511363
274.4743433
274.4696548
274.5066623
274.5651665
274.650516
274.6726436
274.6893968
274.7134878
274.7149065
274.7208175
274.6741969
274.6195179
274.5809349
274.599355
274.7389131
274.9089433
275.0720823
275.2262647
275.3215148
275.3687036
275.3282932
275.3390511
275.4218211
275.5175007
275.5886146
275.6369114
275.7285899
275.8623561
276.0143028
276.1611049
276.238844
276.2697038
276.3158321
276.4558695
276.6453938
276.8386966
277.0140224
277.2150983
277.4442552
277.6790299
277.9738767
278.2743708
278.6407841
278.9663617
279.3334118
279.7139397
280.5536254
282.2210901
284.6979675
