638.6171265
743.3682861
775.7352905
788.652832
790.8417358
789.2155151
787.2980347
785.3037109
782.7525024
780.3025513
778.2558594
775.7911987
773.1743164
770.9567261
769.0224609
766.876709
764.9046021
762.8522949
760.8074951
759.427124
757.6012573
755.5962524
753.9650269
752.5777588
750.9140625
749.2802734
747.6297607
746.0715942
744.3424072
742.8496704
741.4572754
739.9533081
738.7857666
737.3059692
736.1016235
734.517334
733.2225952
732.3251953
730.5219727
729.0688477
728.550354
727.1052246
725.7169189
724.8693237
723.789917
723.1489258
721.7344971
720.8341675
719.9469604
718.7814941
717.9732666
717.0807495
716.0598755
715.0299072
714.6172485
713.65979
712.7526245
712.2541504
711.4829102
710.454834
709.7515869
709.4283447
709.3213501
708.0356445
707.4193726
706.8092651
706
705.3855591
705.5324097
705.2313843
704.6564941
704.4406128
703.9709473
703.8817749
702.8755493
703.0371094
702.3873901
702.0392456
702.3540649
701.7719727
702.1921387
701.8354492
701.8526611
702.413147
701.3986816
702.2271729
702.2609253
701.4499512
701.6308594
702.1708374
702.7063599
702.241394
702.5130615
702.8577271
703.1056519
703.6810303
704.6017456
704.7075806
705.31073
705.4122925
706.3377075
706.895874
707.4332886
708.3243408
709.0145874
709.8762207
710.770874
710.9348145
712.6447144
713.5012207
714.1181641
714.7722778
715.916626
717.5105591
718.881897
719.6998901
721.237854
722.2738037
724.0397949
724.8150024
726.6849976
727.7919922
729.1699219
730.7252808
732.6574707
734.3756104
735.7967529
738.1207275
739.8417358
741.8191528
743.5790405
745.6699219
747.9716187
749.9000244
752.164917
754.5460815
756.6149902
759.2006836
761.2137451
763.6430054
766.5375977
768.8143921
771.5604858
774.1154785
776.666626
779.1973267
782.0682983
785.2954712
787.8477783
790.2943115
793.4407959
796.5288086
799.4573364
803.1994019
805.9782715
808.9337158
812.3577271
815.6560059
819.0401001
822.3027344
825.4169312
828.7583008
832.3143921
835.7316895
839.4181519
843.1879883
846.6516724
850.3237915
854.3359375
858.2130127
861.9936523
865.9522095
869.6055908
873.7362061
877.5397949
881.3099976
885.1552124
889.3795166
893.4459229
897.505127
901.5340576
905.7159424
909.9642944
914.2696533
918.6428223
922.9968262
927.2069702
931.5605469
935.8783569
940.1119995
943.9970703
947.5938721
950.7768555
952.9310303
953.1765747
950.5045166
941.6221313
920.0588379
867.305481
721.1387939





